Kalman: Yes, Frame: 0, Points: [[-17, -21, -211], [3, -21, -211], [-17, -1, -211], [3, -1, -211], [-17, -21, -191], [3, -21, -191], [-17, -1, -191], [3, -1, -191]]
Kalman: Yes, Frame: 0, Points: [[91, -27, -432], [111, -27, -432], [91, -7, -432], [111, -7, -432], [91, -27, -412], [111, -27, -412], [91, -7, -412], [111, -7, -412]]
Kalman: Yes, Frame: 0, Points: [[133, -28, -432], [153, -28, -432], [133, -8, -432], [153, -8, -432], [133, -28, -412], [153, -28, -412], [133, -8, -412], [153, -8, -412]]
Kalman: No, Frame: 0, Points: [[-17, -21, -211], [3, -21, -211], [-17, -1, -211], [3, -1, -211], [-17, -21, -191], [3, -21, -191], [-17, -1, -191], [3, -1, -191]]
Kalman: No, Frame: 0, Points: [[91, -27, -432], [111, -27, -432], [91, -7, -432], [111, -7, -432], [91, -27, -412], [111, -27, -412], [91, -7, -412], [111, -7, -412]]
Kalman: No, Frame: 0, Points: [[134, -28, -432], [154, -28, -432], [134, -8, -432], [154, -8, -432], [134, -28, -412], [154, -28, -412], [134, -8, -412], [154, -8, -412]]
Kalman: Yes, Frame: 1, Points: [[-15, -21, -211], [5, -21, -211], [-15, -1, -211], [5, -1, -211], [-15, -21, -191], [5, -21, -191], [-15, -1, -191], [5, -1, -191]]
Kalman: Yes, Frame: 1, Points: [[137, -27, -415], [157, -27, -415], [137, -7, -415], [157, -7, -415], [137, -27, -395], [157, -27, -395], [137, -7, -395], [157, -7, -395]]
Kalman: Yes, Frame: 1, Points: [[89, -25, -403], [109, -25, -403], [89, -5, -403], [109, -5, -403], [89, -25, -383], [109, -25, -383], [89, -5, -383], [109, -5, -383]]
Kalman: No, Frame: 1, Points: [[-15, -21, -211], [5, -21, -211], [-15, -1, -211], [5, -1, -211], [-15, -21, -191], [5, -21, -191], [-15, -1, -191], [5, -1, -191]]
Kalman: No, Frame: 1, Points: [[133, -27, -413], [153, -27, -413], [133, -7, -413], [153, -7, -413], [133, -27, -393], [153, -27, -393], [133, -7, -393], [153, -7, -393]]
Kalman: No, Frame: 1, Points: [[89, -25, -403], [109, -25, -403], [89, -5, -403], [109, -5, -403], [89, -25, -383], [109, -25, -383], [89, -5, -383], [109, -5, -383]]
Kalman: Yes, Frame: 2, Points: [[-14, -21, -211], [6, -21, -211], [-14, -1, -211], [6, -1, -211], [-14, -21, -191], [6, -21, -191], [-14, -1, -191], [6, -1, -191]]
Kalman: Yes, Frame: 2, Points: [[134, -27, -393], [154, -27, -393], [134, -7, -393], [154, -7, -393], [134, -27, -373], [154, -27, -373], [134, -7, -373], [154, -7, -373]]
Kalman: Yes, Frame: 2, Points: [[88, -27, -385], [108, -27, -385], [88, -7, -385], [108, -7, -385], [88, -27, -365], [108, -27, -365], [88, -7, -365], [108, -7, -365]]
Kalman: No, Frame: 2, Points: [[-14, -21, -211], [6, -21, -211], [-14, -1, -211], [6, -1, -211], [-14, -21, -191], [6, -21, -191], [-14, -1, -191], [6, -1, -191]]
Kalman: No, Frame: 2, Points: [[129, -27, -390], [149, -27, -390], [129, -7, -390], [149, -7, -390], [129, -27, -370], [149, -27, -370], [129, -7, -370], [149, -7, -370]]
Kalman: No, Frame: 2, Points: [[87, -27, -385], [107, -27, -385], [87, -7, -385], [107, -7, -385], [87, -27, -365], [107, -27, -365], [87, -7, -365], [107, -7, -365]]
Kalman: Yes, Frame: 3, Points: [[-13, -22, -212], [7, -22, -212], [-13, -2, -212], [7, -2, -212], [-13, -22, -192], [7, -22, -192], [-13, -2, -192], [7, -2, -192]]
Kalman: Yes, Frame: 3, Points: [[128, -27, -367], [148, -27, -367], [128, -7, -367], [148, -7, -367], [128, -27, -347], [148, -27, -347], [128, -7, -347], [148, -7, -347]]
Kalman: Yes, Frame: 3, Points: [[83, -27, -357], [103, -27, -357], [83, -7, -357], [103, -7, -357], [83, -27, -337], [103, -27, -337], [83, -7, -337], [103, -7, -337]]
Kalman: No, Frame: 3, Points: [[-13, -22, -212], [7, -22, -212], [-13, -2, -212], [7, -2, -212], [-13, -22, -192], [7, -22, -192], [-13, -2, -192], [7, -2, -192]]
Kalman: No, Frame: 3, Points: [[124, -27, -363], [144, -27, -363], [124, -7, -363], [144, -7, -363], [124, -27, -343], [144, -27, -343], [124, -7, -343], [144, -7, -343]]
Kalman: No, Frame: 3, Points: [[83, -27, -355], [103, -27, -355], [83, -7, -355], [103, -7, -355], [83, -27, -335], [103, -27, -335], [83, -7, -335], [103, -7, -335]]
Kalman: Yes, Frame: 4, Points: [[-13, -22, -212], [7, -22, -212], [-13, -2, -212], [7, -2, -212], [-13, -22, -192], [7, -22, -192], [-13, -2, -192], [7, -2, -192]]
Kalman: Yes, Frame: 4, Points: [[122, -27, -337], [142, -27, -337], [122, -7, -337], [142, -7, -337], [122, -27, -317], [142, -27, -317], [122, -7, -317], [142, -7, -317]]
Kalman: Yes, Frame: 4, Points: [[79, -26, -324], [99, -26, -324], [79, -6, -324], [99, -6, -324], [79, -26, -304], [99, -26, -304], [79, -6, -304], [99, -6, -304]]
Kalman: No, Frame: 4, Points: [[-13, -22, -212], [7, -22, -212], [-13, -2, -212], [7, -2, -212], [-13, -22, -192], [7, -22, -192], [-13, -2, -192], [7, -2, -192]]
Kalman: No, Frame: 4, Points: [[116, -26, -330], [136, -26, -330], [116, -6, -330], [136, -6, -330], [116, -26, -310], [136, -26, -310], [116, -6, -310], [136, -6, -310]]
Kalman: No, Frame: 4, Points: [[79, -26, -322], [99, -26, -322], [79, -6, -322], [99, -6, -322], [79, -26, -302], [99, -26, -302], [79, -6, -302], [99, -6, -302]]
Kalman: Yes, Frame: 5, Points: [[-12, -22, -212], [8, -22, -212], [-12, -2, -212], [8, -2, -212], [-12, -22, -192], [8, -22, -192], [-12, -2, -192], [8, -2, -192]]
Kalman: Yes, Frame: 5, Points: [[77, -25, -295], [97, -25, -295], [77, -5, -295], [97, -5, -295], [77, -25, -275], [97, -25, -275], [77, -5, -275], [97, -5, -275]]
Kalman: Yes, Frame: 5, Points: [[118, -26, -312], [138, -26, -312], [118, -6, -312], [138, -6, -312], [118, -26, -292], [138, -26, -292], [118, -6, -292], [138, -6, -292]]
Kalman: No, Frame: 5, Points: [[-12, -22, -212], [8, -22, -212], [-12, -2, -212], [8, -2, -212], [-12, -22, -192], [8, -22, -192], [-12, -2, -192], [8, -2, -192]]
Kalman: No, Frame: 5, Points: [[78, -25, -295], [98, -25, -295], [78, -5, -295], [98, -5, -295], [78, -25, -275], [98, -25, -275], [78, -5, -275], [98, -5, -275]]
Kalman: No, Frame: 5, Points: [[116, -26, -311], [136, -26, -311], [116, -6, -311], [136, -6, -311], [116, -26, -291], [136, -26, -291], [116, -6, -291], [136, -6, -291]]
Kalman: Yes, Frame: 6, Points: [[74, -25, -267], [94, -25, -267], [74, -5, -267], [94, -5, -267], [74, -25, -247], [94, -25, -247], [74, -5, -247], [94, -5, -247]]
Kalman: Yes, Frame: 6, Points: [[-11, -22, -213], [9, -22, -213], [-11, -2, -213], [9, -2, -213], [-11, -22, -193], [9, -22, -193], [-11, -2, -193], [9, -2, -193]]
Kalman: Yes, Frame: 6, Points: [[118, -26, -295], [138, -26, -295], [118, -6, -295], [138, -6, -295], [118, -26, -275], [138, -26, -275], [118, -6, -275], [138, -6, -275]]
Kalman: No, Frame: 6, Points: [[75, -24, -267], [95, -24, -267], [75, -4, -267], [95, -4, -267], [75, -24, -247], [95, -24, -247], [75, -4, -247], [95, -4, -247]]
Kalman: No, Frame: 6, Points: [[-12, -22, -212], [8, -22, -212], [-12, -2, -212], [8, -2, -212], [-12, -22, -192], [8, -22, -192], [-12, -2, -192], [8, -2, -192]]
Kalman: No, Frame: 6, Points: [[121, -26, -304], [141, -26, -304], [121, -6, -304], [141, -6, -304], [121, -26, -284], [141, -26, -284], [121, -6, -284], [141, -6, -284]]
Kalman: Yes, Frame: 7, Points: [[71, -24, -238], [91, -24, -238], [71, -4, -238], [91, -4, -238], [71, -24, -218], [91, -24, -218], [71, -4, -218], [91, -4, -218]]
Kalman: Yes, Frame: 7, Points: [[114, -26, -271], [134, -26, -271], [114, -6, -271], [134, -6, -271], [114, -26, -251], [134, -26, -251], [114, -6, -251], [134, -6, -251]]
Kalman: Yes, Frame: 7, Points: [[-11, -22, -213], [9, -22, -213], [-11, -2, -213], [9, -2, -213], [-11, -22, -193], [9, -22, -193], [-11, -2, -193], [9, -2, -193]]
Kalman: No, Frame: 7, Points: [[71, -24, -238], [91, -24, -238], [71, -4, -238], [91, -4, -238], [71, -24, -218], [91, -24, -218], [71, -4, -218], [91, -4, -218]]
Kalman: No, Frame: 7, Points: [[112, -25, -269], [132, -25, -269], [112, -5, -269], [132, -5, -269], [112, -25, -249], [132, -25, -249], [112, -5, -249], [132, -5, -249]]
Kalman: No, Frame: 7, Points: [[-10, -22, -214], [10, -22, -214], [-10, -2, -214], [10, -2, -214], [-10, -22, -194], [10, -22, -194], [-10, -2, -194], [10, -2, -194]]
Kalman: Yes, Frame: 8, Points: [[112, -25, -248], [132, -25, -248], [112, -5, -248], [132, -5, -248], [112, -25, -228], [132, -25, -228], [112, -5, -228], [132, -5, -228]]
Kalman: Yes, Frame: 8, Points: [[70, -24, -209], [90, -24, -209], [70, -4, -209], [90, -4, -209], [70, -24, -189], [90, -24, -189], [70, -4, -189], [90, -4, -189]]
Kalman: Yes, Frame: 8, Points: [[-10, -23, -215], [10, -23, -215], [-10, -3, -215], [10, -3, -215], [-10, -23, -195], [10, -23, -195], [-10, -3, -195], [10, -3, -195]]
Kalman: No, Frame: 8, Points: [[111, -25, -248], [131, -25, -248], [111, -5, -248], [131, -5, -248], [111, -25, -228], [131, -25, -228], [111, -5, -228], [131, -5, -228]]
Kalman: No, Frame: 8, Points: [[71, -24, -210], [91, -24, -210], [71, -4, -210], [91, -4, -210], [71, -24, -190], [91, -24, -190], [71, -4, -190], [91, -4, -190]]
Kalman: No, Frame: 8, Points: [[-10, -23, -218], [10, -23, -218], [-10, -3, -218], [10, -3, -218], [-10, -23, -198], [10, -23, -198], [-10, -3, -198], [10, -3, -198]]
Kalman: Yes, Frame: 9, Points: [[67, -23, -181], [87, -23, -181], [67, -3, -181], [87, -3, -181], [67, -23, -161], [87, -23, -161], [67, -3, -161], [87, -3, -161]]
Kalman: Yes, Frame: 9, Points: [[-10, -23, -216], [10, -23, -216], [-10, -3, -216], [10, -3, -216], [-10, -23, -196], [10, -23, -196], [-10, -3, -196], [10, -3, -196]]
Kalman: Yes, Frame: 9, Points: [[110, -25, -226], [130, -25, -226], [110, -5, -226], [130, -5, -226], [110, -25, -206], [130, -25, -206], [110, -5, -206], [130, -5, -206]]
Kalman: No, Frame: 9, Points: [[68, -23, -182], [88, -23, -182], [68, -3, -182], [88, -3, -182], [68, -23, -162], [88, -23, -162], [68, -3, -162], [88, -3, -162]]
Kalman: No, Frame: 9, Points: [[-10, -23, -216], [10, -23, -216], [-10, -3, -216], [10, -3, -216], [-10, -23, -196], [10, -23, -196], [-10, -3, -196], [10, -3, -196]]
Kalman: No, Frame: 9, Points: [[112, -24, -227], [132, -24, -227], [112, -4, -227], [132, -4, -227], [112, -24, -207], [132, -24, -207], [112, -4, -207], [132, -4, -207]]
Kalman: Yes, Frame: 10, Points: [[65, -23, -153], [85, -23, -153], [65, -3, -153], [85, -3, -153], [65, -23, -133], [85, -23, -133], [65, -3, -133], [85, -3, -133]]
Kalman: Yes, Frame: 10, Points: [[-10, -23, -218], [10, -23, -218], [-10, -3, -218], [10, -3, -218], [-10, -23, -198], [10, -23, -198], [-10, -3, -198], [10, -3, -198]]
Kalman: No, Frame: 10, Points: [[65, -22, -154], [85, -22, -154], [65, -2, -154], [85, -2, -154], [65, -22, -134], [85, -22, -134], [65, -2, -134], [85, -2, -134]]
Kalman: No, Frame: 10, Points: [[-10, -22, -220], [10, -22, -220], [-10, -2, -220], [10, -2, -220], [-10, -22, -200], [10, -22, -200], [-10, -2, -200], [10, -2, -200]]
Kalman: Yes, Frame: 11, Points: [[-2665, 410, 3593], [-2645, 410, 3593], [-2665, 430, 3593], [-2645, 430, 3593], [-2665, 410, 3613], [-2645, 410, 3613], [-2665, 430, 3613], [-2645, 430, 3613]]
Kalman: Yes, Frame: 11, Points: [[-9, -23, -218], [11, -23, -218], [-9, -3, -218], [11, -3, -218], [-9, -23, -198], [11, -23, -198], [-9, -3, -198], [11, -3, -198]]
Kalman: No, Frame: 11, Points: [[-2665, 410, 3593], [-2645, 410, 3593], [-2665, 430, 3593], [-2645, 430, 3593], [-2665, 410, 3613], [-2645, 410, 3613], [-2665, 430, 3613], [-2645, 430, 3613]]
Kalman: No, Frame: 11, Points: [[-9, -22, -214], [11, -22, -214], [-9, -2, -214], [11, -2, -214], [-9, -22, -194], [11, -22, -194], [-9, -2, -194], [11, -2, -194]]
Kalman: Yes, Frame: 12, Points: [[-9, -23, -219], [11, -23, -219], [-9, -3, -219], [11, -3, -219], [-9, -23, -199], [11, -23, -199], [-9, -3, -199], [11, -3, -199]]
Kalman: No, Frame: 12, Points: [[-9, -22, -220], [11, -22, -220], [-9, -2, -220], [11, -2, -220], [-9, -22, -200], [11, -22, -200], [-9, -2, -200], [11, -2, -200]]
Kalman: Yes, Frame: 13, Points: [[-8, -23, -219], [12, -23, -219], [-8, -3, -219], [12, -3, -219], [-8, -23, -199], [12, -23, -199], [-8, -3, -199], [12, -3, -199]]
Kalman: Yes, Frame: 13, Points: [[-3187, 362, 3593], [-3167, 362, 3593], [-3187, 382, 3593], [-3167, 382, 3593], [-3187, 362, 3613], [-3167, 362, 3613], [-3187, 382, 3613], [-3167, 382, 3613]]
Kalman: No, Frame: 13, Points: [[-7, -22, -220], [13, -22, -220], [-7, -2, -220], [13, -2, -220], [-7, -22, -200], [13, -22, -200], [-7, -2, -200], [13, -2, -200]]
Kalman: No, Frame: 13, Points: [[-3187, 362, 3593], [-3167, 362, 3593], [-3187, 382, 3593], [-3167, 382, 3593], [-3187, 362, 3613], [-3167, 362, 3613], [-3187, 382, 3613], [-3167, 382, 3613]]
Kalman: Yes, Frame: 14, Points: [[-75, 229, 3593], [-55, 229, 3593], [-75, 249, 3593], [-55, 249, 3593], [-75, 229, 3613], [-55, 229, 3613], [-75, 249, 3613], [-55, 249, 3613]]
Kalman: No, Frame: 14, Points: [[-75, 229, 3593], [-55, 229, 3593], [-75, 249, 3593], [-55, 249, 3593], [-75, 229, 3613], [-55, 229, 3613], [-75, 249, 3613], [-55, 249, 3613]]
Kalman: Yes, Frame: 15, Points: [[-7, -22, -220], [13, -22, -220], [-7, -2, -220], [13, -2, -220], [-7, -22, -200], [13, -22, -200], [-7, -2, -200], [13, -2, -200]]
Kalman: No, Frame: 15, Points: [[-6, -22, -221], [14, -22, -221], [-6, -2, -221], [14, -2, -221], [-6, -22, -201], [14, -22, -201], [-6, -2, -201], [14, -2, -201]]
Kalman: Yes, Frame: 16, Points: [[-6, -22, -221], [14, -22, -221], [-6, -2, -221], [14, -2, -221], [-6, -22, -201], [14, -22, -201], [-6, -2, -201], [14, -2, -201]]
Kalman: No, Frame: 16, Points: [[-5, -21, -220], [15, -21, -220], [-5, -1, -220], [15, -1, -220], [-5, -21, -200], [15, -21, -200], [-5, -1, -200], [15, -1, -200]]
Kalman: Yes, Frame: 17, Points: [[-5, -22, -221], [15, -22, -221], [-5, -2, -221], [15, -2, -221], [-5, -22, -201], [15, -22, -201], [-5, -2, -201], [15, -2, -201]]
Kalman: No, Frame: 17, Points: [[-5, -22, -220], [15, -22, -220], [-5, -2, -220], [15, -2, -220], [-5, -22, -200], [15, -22, -200], [-5, -2, -200], [15, -2, -200]]
Kalman: Yes, Frame: 18, Points: [[-4, -22, -221], [16, -22, -221], [-4, -2, -221], [16, -2, -221], [-4, -22, -201], [16, -22, -201], [-4, -2, -201], [16, -2, -201]]
Kalman: No, Frame: 18, Points: [[-4, -21, -218], [16, -21, -218], [-4, -1, -218], [16, -1, -218], [-4, -21, -198], [16, -21, -198], [-4, -1, -198], [16, -1, -198]]
Kalman: Yes, Frame: 19, Points: [[-4, -22, -221], [16, -22, -221], [-4, -2, -221], [16, -2, -221], [-4, -22, -201], [16, -22, -201], [-4, -2, -201], [16, -2, -201]]
Kalman: No, Frame: 19, Points: [[-4, -21, -215], [16, -21, -215], [-4, -1, -215], [16, -1, -215], [-4, -21, -195], [16, -21, -195], [-4, -1, -195], [16, -1, -195]]
Kalman: Yes, Frame: 20, Points: [[-3, -22, -221], [17, -22, -221], [-3, -2, -221], [17, -2, -221], [-3, -22, -201], [17, -22, -201], [-3, -2, -201], [17, -2, -201]]
Kalman: No, Frame: 20, Points: [[-3, -21, -220], [17, -21, -220], [-3, -1, -220], [17, -1, -220], [-3, -21, -200], [17, -21, -200], [-3, -1, -200], [17, -1, -200]]
Kalman: Yes, Frame: 21, Points: [[-2, -22, -221], [18, -22, -221], [-2, -2, -221], [18, -2, -221], [-2, -22, -201], [18, -22, -201], [-2, -2, -201], [18, -2, -201]]
Kalman: No, Frame: 21, Points: [[-3, -22, -221], [17, -22, -221], [-3, -2, -221], [17, -2, -221], [-3, -22, -201], [17, -22, -201], [-3, -2, -201], [17, -2, -201]]
Kalman: Yes, Frame: 22, Points: [[-2, -22, -223], [18, -22, -223], [-2, -2, -223], [18, -2, -223], [-2, -22, -203], [18, -22, -203], [-2, -2, -203], [18, -2, -203]]
Kalman: No, Frame: 22, Points: [[-3, -22, -229], [17, -22, -229], [-3, -2, -229], [17, -2, -229], [-3, -22, -209], [17, -22, -209], [-3, -2, -209], [17, -2, -209]]
Kalman: Yes, Frame: 23, Points: [[-2, -22, -223], [18, -22, -223], [-2, -2, -223], [18, -2, -223], [-2, -22, -203], [18, -22, -203], [-2, -2, -203], [18, -2, -203]]
Kalman: No, Frame: 23, Points: [[-3, -22, -218], [17, -22, -218], [-3, -2, -218], [17, -2, -218], [-3, -22, -198], [17, -22, -198], [-3, -2, -198], [17, -2, -198]]
Kalman: Yes, Frame: 24, Points: [[-1, -22, -224], [19, -22, -224], [-1, -2, -224], [19, -2, -224], [-1, -22, -204], [19, -22, -204], [-1, -2, -204], [19, -2, -204]]
Kalman: No, Frame: 24, Points: [[-3, -22, -225], [17, -22, -225], [-3, -2, -225], [17, -2, -225], [-3, -22, -205], [17, -22, -205], [-3, -2, -205], [17, -2, -205]]
Kalman: Yes, Frame: 25, Points: [[-1, -22, -231], [19, -22, -231], [-1, -2, -231], [19, -2, -231], [-1, -22, -211], [19, -22, -211], [-1, -2, -211], [19, -2, -211]]
Kalman: No, Frame: 25, Points: [[-2, -24, -265], [18, -24, -265], [-2, -4, -265], [18, -4, -265], [-2, -24, -245], [18, -24, -245], [-2, -4, -245], [18, -4, -245]]
Kalman: Yes, Frame: 26, Points: [[-1, -22, -232], [19, -22, -232], [-1, -2, -232], [19, -2, -232], [-1, -22, -212], [19, -22, -212], [-1, -2, -212], [19, -2, -212]]
Kalman: No, Frame: 26, Points: [[-3, -22, -229], [17, -22, -229], [-3, -2, -229], [17, -2, -229], [-3, -22, -209], [17, -22, -209], [-3, -2, -209], [17, -2, -209]]
Kalman: Yes, Frame: 27, Points: [[-1, -22, -231], [19, -22, -231], [-1, -2, -231], [19, -2, -231], [-1, -22, -211], [19, -22, -211], [-1, -2, -211], [19, -2, -211]]
Kalman: No, Frame: 27, Points: [[-4, -22, -223], [16, -22, -223], [-4, -2, -223], [16, -2, -223], [-4, -22, -203], [16, -22, -203], [-4, -2, -203], [16, -2, -203]]
Kalman: Yes, Frame: 28, Points: [[-1, -22, -230], [19, -22, -230], [-1, -2, -230], [19, -2, -230], [-1, -22, -210], [19, -22, -210], [-1, -2, -210], [19, -2, -210]]
Kalman: No, Frame: 28, Points: [[-5, -21, -220], [15, -21, -220], [-5, -1, -220], [15, -1, -220], [-5, -21, -200], [15, -21, -200], [-5, -1, -200], [15, -1, -200]]
Kalman: Yes, Frame: 29, Points: [[-1, -22, -229], [19, -22, -229], [-1, -2, -229], [19, -2, -229], [-1, -22, -209], [19, -22, -209], [-1, -2, -209], [19, -2, -209]]
Kalman: No, Frame: 29, Points: [[-5, -20, -220], [15, -20, -220], [-5, 0, -220], [15, 0, -220], [-5, -20, -200], [15, -20, -200], [-5, 0, -200], [15, 0, -200]]
Kalman: Yes, Frame: 30, Points: [[-1, -22, -229], [19, -22, -229], [-1, -2, -229], [19, -2, -229], [-1, -22, -209], [19, -22, -209], [-1, -2, -209], [19, -2, -209]]
Kalman: No, Frame: 30, Points: [[-5, -20, -220], [15, -20, -220], [-5, 0, -220], [15, 0, -220], [-5, -20, -200], [15, -20, -200], [-5, 0, -200], [15, 0, -200]]
Kalman: Yes, Frame: 31, Points: [[-2, -21, -229], [18, -21, -229], [-2, -1, -229], [18, -1, -229], [-2, -21, -209], [18, -21, -209], [-2, -1, -209], [18, -1, -209]]
Kalman: No, Frame: 31, Points: [[-5, -21, -226], [15, -21, -226], [-5, -1, -226], [15, -1, -226], [-5, -21, -206], [15, -21, -206], [-5, -1, -206], [15, -1, -206]]
Kalman: Yes, Frame: 32, Points: [[-2, -21, -228], [18, -21, -228], [-2, -1, -228], [18, -1, -228], [-2, -21, -208], [18, -21, -208], [-2, -1, -208], [18, -1, -208]]
Kalman: No, Frame: 32, Points: [[-6, -21, -221], [14, -21, -221], [-6, -1, -221], [14, -1, -221], [-6, -21, -201], [14, -21, -201], [-6, -1, -201], [14, -1, -201]]
Kalman: Yes, Frame: 33, Points: [[-2, -21, -229], [18, -21, -229], [-2, -1, -229], [18, -1, -229], [-2, -21, -209], [18, -21, -209], [-2, -1, -209], [18, -1, -209]]
Kalman: No, Frame: 33, Points: [[-6, -22, -234], [14, -22, -234], [-6, -2, -234], [14, -2, -234], [-6, -22, -214], [14, -22, -214], [-6, -2, -214], [14, -2, -214]]
Kalman: Yes, Frame: 34, Points: [[-3, -21, -228], [17, -21, -228], [-3, -1, -228], [17, -1, -228], [-3, -21, -208], [17, -21, -208], [-3, -1, -208], [17, -1, -208]]
Kalman: No, Frame: 34, Points: [[-6, -22, -220], [14, -22, -220], [-6, -2, -220], [14, -2, -220], [-6, -22, -200], [14, -22, -200], [-6, -2, -200], [14, -2, -200]]
Kalman: Yes, Frame: 35, Points: [[-3, -21, -229], [17, -21, -229], [-3, -1, -229], [17, -1, -229], [-3, -21, -209], [17, -21, -209], [-3, -1, -209], [17, -1, -209]]
Kalman: No, Frame: 35, Points: [[-7, -22, -228], [13, -22, -228], [-7, -2, -228], [13, -2, -228], [-7, -22, -208], [13, -22, -208], [-7, -2, -208], [13, -2, -208]]
Kalman: Yes, Frame: 36, Points: [[-3, -21, -228], [17, -21, -228], [-3, -1, -228], [17, -1, -228], [-3, -21, -208], [17, -21, -208], [-3, -1, -208], [17, -1, -208]]
Kalman: No, Frame: 36, Points: [[-7, -21, -221], [13, -21, -221], [-7, -1, -221], [13, -1, -221], [-7, -21, -201], [13, -21, -201], [-7, -1, -201], [13, -1, -201]]
Kalman: Yes, Frame: 37, Points: [[-4, -21, -228], [16, -21, -228], [-4, -1, -228], [16, -1, -228], [-4, -21, -208], [16, -21, -208], [-4, -1, -208], [16, -1, -208]]
Kalman: No, Frame: 37, Points: [[-7, -22, -229], [13, -22, -229], [-7, -2, -229], [13, -2, -229], [-7, -22, -209], [13, -22, -209], [-7, -2, -209], [13, -2, -209]]
Kalman: Yes, Frame: 38, Points: [[-4, -21, -229], [16, -21, -229], [-4, -1, -229], [16, -1, -229], [-4, -21, -209], [16, -21, -209], [-4, -1, -209], [16, -1, -209]]
Kalman: No, Frame: 38, Points: [[-7, -22, -230], [13, -22, -230], [-7, -2, -230], [13, -2, -230], [-7, -22, -210], [13, -22, -210], [-7, -2, -210], [13, -2, -210]]
Kalman: Yes, Frame: 39, Points: [[-4, -22, -230], [16, -22, -230], [-4, -2, -230], [16, -2, -230], [-4, -22, -210], [16, -22, -210], [-4, -2, -210], [16, -2, -210]]
Kalman: No, Frame: 39, Points: [[-7, -22, -234], [13, -22, -234], [-7, -2, -234], [13, -2, -234], [-7, -22, -214], [13, -22, -214], [-7, -2, -214], [13, -2, -214]]
Kalman: Yes, Frame: 40, Points: [[-5, -22, -230], [15, -22, -230], [-5, -2, -230], [15, -2, -230], [-5, -22, -210], [15, -22, -210], [-5, -2, -210], [15, -2, -210]]
Kalman: No, Frame: 40, Points: [[-7, -22, -230], [13, -22, -230], [-7, -2, -230], [13, -2, -230], [-7, -22, -210], [13, -22, -210], [-7, -2, -210], [13, -2, -210]]
Kalman: Yes, Frame: 41, Points: [[-5, -22, -231], [15, -22, -231], [-5, -2, -231], [15, -2, -231], [-5, -22, -211], [15, -22, -211], [-5, -2, -211], [15, -2, -211]]
Kalman: No, Frame: 41, Points: [[-7, -22, -232], [13, -22, -232], [-7, -2, -232], [13, -2, -232], [-7, -22, -212], [13, -22, -212], [-7, -2, -212], [13, -2, -212]]
Kalman: Yes, Frame: 42, Points: [[-60, 213, 3593], [-40, 213, 3593], [-60, 233, 3593], [-40, 233, 3593], [-60, 213, 3613], [-40, 213, 3613], [-60, 233, 3613], [-40, 233, 3613]]
Kalman: No, Frame: 42, Points: [[-59, 213, 3593], [-39, 213, 3593], [-59, 233, 3593], [-39, 233, 3593], [-59, 213, 3613], [-39, 213, 3613], [-59, 233, 3613], [-39, 233, 3613]]
Kalman: Yes, Frame: 43, Points: [[-5, -22, -230], [15, -22, -230], [-5, -2, -230], [15, -2, -230], [-5, -22, -210], [15, -22, -210], [-5, -2, -210], [15, -2, -210]]
Kalman: No, Frame: 43, Points: [[-8, -21, -223], [12, -21, -223], [-8, -1, -223], [12, -1, -223], [-8, -21, -203], [12, -21, -203], [-8, -1, -203], [12, -1, -203]]
Kalman: Yes, Frame: 44, Points: [[-5, -22, -232], [15, -22, -232], [-5, -2, -232], [15, -2, -232], [-5, -22, -212], [15, -22, -212], [-5, -2, -212], [15, -2, -212]]
Kalman: No, Frame: 44, Points: [[-7, -23, -240], [13, -23, -240], [-7, -3, -240], [13, -3, -240], [-7, -23, -220], [13, -23, -220], [-7, -3, -220], [13, -3, -220]]
Kalman: Yes, Frame: 45, Points: [[-72, 216, 3593], [-52, 216, 3593], [-72, 236, 3593], [-52, 236, 3593], [-72, 216, 3613], [-52, 216, 3613], [-72, 236, 3613], [-52, 236, 3613]]
Kalman: No, Frame: 45, Points: [[-75, 218, 3593], [-55, 218, 3593], [-75, 238, 3593], [-55, 238, 3593], [-75, 218, 3613], [-55, 218, 3613], [-75, 238, 3613], [-55, 238, 3613]]
Kalman: Yes, Frame: 46, Points: [[-6, -22, -234], [14, -22, -234], [-6, -2, -234], [14, -2, -234], [-6, -22, -214], [14, -22, -214], [-6, -2, -214], [14, -2, -214]]
Kalman: No, Frame: 46, Points: [[-7, -23, -245], [13, -23, -245], [-7, -3, -245], [13, -3, -245], [-7, -23, -225], [13, -23, -225], [-7, -3, -225], [13, -3, -225]]
Kalman: Yes, Frame: 47, Points: [[-6, -22, -235], [14, -22, -235], [-6, -2, -235], [14, -2, -235], [-6, -22, -215], [14, -22, -215], [-6, -2, -215], [14, -2, -215]]
Kalman: No, Frame: 47, Points: [[-7, -23, -242], [13, -23, -242], [-7, -3, -242], [13, -3, -242], [-7, -23, -222], [13, -23, -222], [-7, -3, -222], [13, -3, -222]]
Kalman: Yes, Frame: 48, Points: [[-6, -22, -237], [14, -22, -237], [-6, -2, -237], [14, -2, -237], [-6, -22, -217], [14, -22, -217], [-6, -2, -217], [14, -2, -217]]
Kalman: No, Frame: 48, Points: [[-7, -23, -243], [13, -23, -243], [-7, -3, -243], [13, -3, -243], [-7, -23, -223], [13, -23, -223], [-7, -3, -223], [13, -3, -223]]
Kalman: Yes, Frame: 49, Points: [[-6, -22, -238], [14, -22, -238], [-6, -2, -238], [14, -2, -238], [-6, -22, -218], [14, -22, -218], [-6, -2, -218], [14, -2, -218]]
Kalman: No, Frame: 49, Points: [[-7, -23, -243], [13, -23, -243], [-7, -3, -243], [13, -3, -243], [-7, -23, -223], [13, -23, -223], [-7, -3, -223], [13, -3, -223]]
Kalman: Yes, Frame: 50, Points: [[-6, -22, -240], [14, -22, -240], [-6, -2, -240], [14, -2, -240], [-6, -22, -220], [14, -22, -220], [-6, -2, -220], [14, -2, -220]]
Kalman: No, Frame: 50, Points: [[-6, -23, -243], [14, -23, -243], [-6, -3, -243], [14, -3, -243], [-6, -23, -223], [14, -23, -223], [-6, -3, -223], [14, -3, -223]]
Kalman: Yes, Frame: 51, Points: [[-6, -23, -241], [14, -23, -241], [-6, -3, -241], [14, -3, -241], [-6, -23, -221], [14, -23, -221], [-6, -3, -221], [14, -3, -221]]
Kalman: No, Frame: 51, Points: [[-6, -23, -243], [14, -23, -243], [-6, -3, -243], [14, -3, -243], [-6, -23, -223], [14, -23, -223], [-6, -3, -223], [14, -3, -223]]
Kalman: Yes, Frame: 52, Points: [[-6, -23, -242], [14, -23, -242], [-6, -3, -242], [14, -3, -242], [-6, -23, -222], [14, -23, -222], [-6, -3, -222], [14, -3, -222]]
Kalman: No, Frame: 52, Points: [[-6, -23, -243], [14, -23, -243], [-6, -3, -243], [14, -3, -243], [-6, -23, -223], [14, -23, -223], [-6, -3, -223], [14, -3, -223]]
Kalman: Yes, Frame: 53, Points: [[-6, -23, -242], [14, -23, -242], [-6, -3, -242], [14, -3, -242], [-6, -23, -222], [14, -23, -222], [-6, -3, -222], [14, -3, -222]]
Kalman: No, Frame: 53, Points: [[-6, -23, -243], [14, -23, -243], [-6, -3, -243], [14, -3, -243], [-6, -23, -223], [14, -23, -223], [-6, -3, -223], [14, -3, -223]]
Kalman: Yes, Frame: 54, Points: [[-6, -23, -243], [14, -23, -243], [-6, -3, -243], [14, -3, -243], [-6, -23, -223], [14, -23, -223], [-6, -3, -223], [14, -3, -223]]
Kalman: No, Frame: 54, Points: [[-6, -23, -243], [14, -23, -243], [-6, -3, -243], [14, -3, -243], [-6, -23, -223], [14, -23, -223], [-6, -3, -223], [14, -3, -223]]
Kalman: Yes, Frame: 55, Points: [[-6, -23, -244], [14, -23, -244], [-6, -3, -244], [14, -3, -244], [-6, -23, -224], [14, -23, -224], [-6, -3, -224], [14, -3, -224]]
Kalman: No, Frame: 55, Points: [[-5, -23, -243], [15, -23, -243], [-5, -3, -243], [15, -3, -243], [-5, -23, -223], [15, -23, -223], [-5, -3, -223], [15, -3, -223]]
Kalman: Yes, Frame: 56, Points: [[-6, -23, -244], [14, -23, -244], [-6, -3, -244], [14, -3, -244], [-6, -23, -224], [14, -23, -224], [-6, -3, -224], [14, -3, -224]]
Kalman: No, Frame: 56, Points: [[-5, -22, -242], [15, -22, -242], [-5, -2, -242], [15, -2, -242], [-5, -22, -222], [15, -22, -222], [-5, -2, -222], [15, -2, -222]]
Kalman: Yes, Frame: 57, Points: [[-6, -23, -245], [14, -23, -245], [-6, -3, -245], [14, -3, -245], [-6, -23, -225], [14, -23, -225], [-6, -3, -225], [14, -3, -225]]
Kalman: No, Frame: 57, Points: [[-5, -21, -243], [15, -21, -243], [-5, -1, -243], [15, -1, -243], [-5, -21, -223], [15, -21, -223], [-5, -1, -223], [15, -1, -223]]
Kalman: Yes, Frame: 58, Points: [[-6, -23, -246], [14, -23, -246], [-6, -3, -246], [14, -3, -246], [-6, -23, -226], [14, -23, -226], [-6, -3, -226], [14, -3, -226]]
Kalman: No, Frame: 58, Points: [[-4, -23, -252], [16, -23, -252], [-4, -3, -252], [16, -3, -252], [-4, -23, -232], [16, -23, -232], [-4, -3, -232], [16, -3, -232]]
Kalman: Yes, Frame: 59, Points: [[-6, -23, -247], [14, -23, -247], [-6, -3, -247], [14, -3, -247], [-6, -23, -227], [14, -23, -227], [-6, -3, -227], [14, -3, -227]]
Kalman: No, Frame: 59, Points: [[-4, -23, -244], [16, -23, -244], [-4, -3, -244], [16, -3, -244], [-4, -23, -224], [16, -23, -224], [-4, -3, -224], [16, -3, -224]]
Kalman: Yes, Frame: 60, Points: [[-5, -23, -247], [15, -23, -247], [-5, -3, -247], [15, -3, -247], [-5, -23, -227], [15, -23, -227], [-5, -3, -227], [15, -3, -227]]
Kalman: No, Frame: 60, Points: [[-3, -24, -244], [17, -24, -244], [-3, -4, -244], [17, -4, -244], [-3, -24, -224], [17, -24, -224], [-3, -4, -224], [17, -4, -224]]
Kalman: Yes, Frame: 61, Points: [[-5, -23, -249], [15, -23, -249], [-5, -3, -249], [15, -3, -249], [-5, -23, -229], [15, -23, -229], [-5, -3, -229], [15, -3, -229]]
Kalman: No, Frame: 61, Points: [[-3, -24, -254], [17, -24, -254], [-3, -4, -254], [17, -4, -254], [-3, -24, -234], [17, -24, -234], [-3, -4, -234], [17, -4, -234]]
Kalman: Yes, Frame: 62, Points: [[-5, -23, -250], [15, -23, -250], [-5, -3, -250], [15, -3, -250], [-5, -23, -230], [15, -23, -230], [-5, -3, -230], [15, -3, -230]]
Kalman: No, Frame: 62, Points: [[-2, -21, -256], [18, -21, -256], [-2, -1, -256], [18, -1, -256], [-2, -21, -236], [18, -21, -236], [-2, -1, -236], [18, -1, -236]]
Kalman: Yes, Frame: 63, Points: [[-4, -23, -252], [16, -23, -252], [-4, -3, -252], [16, -3, -252], [-4, -23, -232], [16, -23, -232], [-4, -3, -232], [16, -3, -232]]
Kalman: Yes, Frame: 63, Points: [[-278, 47, 3593], [-258, 47, 3593], [-278, 67, 3593], [-258, 67, 3593], [-278, 47, 3613], [-258, 47, 3613], [-278, 67, 3613], [-258, 67, 3613]]
Kalman: No, Frame: 63, Points: [[-2, -20, -254], [18, -20, -254], [-2, 0, -254], [18, 0, -254], [-2, -20, -234], [18, -20, -234], [-2, 0, -234], [18, 0, -234]]
Kalman: No, Frame: 63, Points: [[-278, 47, 3593], [-258, 47, 3593], [-278, 67, 3593], [-258, 67, 3593], [-278, 47, 3613], [-258, 47, 3613], [-278, 67, 3613], [-258, 67, 3613]]
Kalman: Yes, Frame: 64, Points: [[-4, -22, -253], [16, -22, -253], [-4, -2, -253], [16, -2, -253], [-4, -22, -233], [16, -22, -233], [-4, -2, -233], [16, -2, -233]]
Kalman: Yes, Frame: 64, Points: [[-288, 63, 3593], [-268, 63, 3593], [-288, 83, 3593], [-268, 83, 3593], [-288, 63, 3613], [-268, 63, 3613], [-288, 83, 3613], [-268, 83, 3613]]
Kalman: No, Frame: 64, Points: [[-2, -21, -256], [18, -21, -256], [-2, -1, -256], [18, -1, -256], [-2, -21, -236], [18, -21, -236], [-2, -1, -236], [18, -1, -236]]
Kalman: No, Frame: 64, Points: [[-289, 63, 3593], [-269, 63, 3593], [-289, 83, 3593], [-269, 83, 3593], [-289, 63, 3613], [-269, 63, 3613], [-289, 83, 3613], [-269, 83, 3613]]
Kalman: Yes, Frame: 65, Points: [[-3, -22, -254], [17, -22, -254], [-3, -2, -254], [17, -2, -254], [-3, -22, -234], [17, -22, -234], [-3, -2, -234], [17, -2, -234]]
Kalman: No, Frame: 65, Points: [[-2, -22, -256], [18, -22, -256], [-2, -2, -256], [18, -2, -256], [-2, -22, -236], [18, -22, -236], [-2, -2, -236], [18, -2, -236]]
Kalman: Yes, Frame: 66, Points: [[-3, -22, -255], [17, -22, -255], [-3, -2, -255], [17, -2, -255], [-3, -22, -235], [17, -22, -235], [-3, -2, -235], [17, -2, -235]]
Kalman: No, Frame: 66, Points: [[-2, -24, -255], [18, -24, -255], [-2, -4, -255], [18, -4, -255], [-2, -24, -235], [18, -24, -235], [-2, -4, -235], [18, -4, -235]]
Kalman: Yes, Frame: 67, Points: [[-3, -23, -256], [17, -23, -256], [-3, -3, -256], [17, -3, -256], [-3, -23, -236], [17, -23, -236], [-3, -3, -236], [17, -3, -236]]
Kalman: Yes, Frame: 67, Points: [[75, -33, -633], [95, -33, -633], [75, -13, -633], [95, -13, -633], [75, -33, -613], [95, -33, -613], [75, -13, -613], [95, -13, -613]]
Kalman: No, Frame: 67, Points: [[-2, -23, -255], [18, -23, -255], [-2, -3, -255], [18, -3, -255], [-2, -23, -235], [18, -23, -235], [-2, -3, -235], [18, -3, -235]]
Kalman: No, Frame: 67, Points: [[75, -33, -633], [95, -33, -633], [75, -13, -633], [95, -13, -633], [75, -33, -613], [95, -33, -613], [75, -13, -613], [95, -13, -613]]
Kalman: Yes, Frame: 68, Points: [[-3, -23, -257], [17, -23, -257], [-3, -3, -257], [17, -3, -257], [-3, -23, -237], [17, -23, -237], [-3, -3, -237], [17, -3, -237]]
Kalman: No, Frame: 68, Points: [[-2, -22, -256], [18, -22, -256], [-2, -2, -256], [18, -2, -256], [-2, -22, -236], [18, -22, -236], [-2, -2, -236], [18, -2, -236]]
Kalman: Yes, Frame: 69, Points: [[-2, -22, -257], [18, -22, -257], [-2, -2, -257], [18, -2, -257], [-2, -22, -237], [18, -22, -237], [-2, -2, -237], [18, -2, -237]]
Kalman: No, Frame: 69, Points: [[-2, -22, -255], [18, -22, -255], [-2, -2, -255], [18, -2, -255], [-2, -22, -235], [18, -22, -235], [-2, -2, -235], [18, -2, -235]]
Kalman: Yes, Frame: 70, Points: [[-2, -22, -258], [18, -22, -258], [-2, -2, -258], [18, -2, -258], [-2, -22, -238], [18, -22, -238], [-2, -2, -238], [18, -2, -238]]
Kalman: Yes, Frame: 70, Points: [[-294, 84, 3593], [-274, 84, 3593], [-294, 104, 3593], [-274, 104, 3593], [-294, 84, 3613], [-274, 84, 3613], [-294, 104, 3613], [-274, 104, 3613]]
Kalman: No, Frame: 70, Points: [[-2, -21, -256], [18, -21, -256], [-2, -1, -256], [18, -1, -256], [-2, -21, -236], [18, -21, -236], [-2, -1, -236], [18, -1, -236]]
Kalman: No, Frame: 70, Points: [[-294, 85, 3593], [-274, 85, 3593], [-294, 105, 3593], [-274, 105, 3593], [-294, 85, 3613], [-274, 85, 3613], [-294, 105, 3613], [-274, 105, 3613]]
Kalman: Yes, Frame: 71, Points: [[-2, -22, -258], [18, -22, -258], [-2, -2, -258], [18, -2, -258], [-2, -22, -238], [18, -22, -238], [-2, -2, -238], [18, -2, -238]]
Kalman: Yes, Frame: 71, Points: [[75, -28, -544], [95, -28, -544], [75, -8, -544], [95, -8, -544], [75, -28, -524], [95, -28, -524], [75, -8, -524], [95, -8, -524]]
Kalman: No, Frame: 71, Points: [[-2, -21, -257], [18, -21, -257], [-2, -1, -257], [18, -1, -257], [-2, -21, -237], [18, -21, -237], [-2, -1, -237], [18, -1, -237]]
Kalman: No, Frame: 71, Points: [[75, -28, -542], [95, -28, -542], [75, -8, -542], [95, -8, -542], [75, -28, -522], [95, -28, -522], [75, -8, -522], [95, -8, -522]]
Kalman: Yes, Frame: 72, Points: [[69, -28, -480], [89, -28, -480], [69, -8, -480], [89, -8, -480], [69, -28, -460], [89, -28, -460], [69, -8, -460], [89, -8, -460]]
Kalman: Yes, Frame: 72, Points: [[-2, -22, -259], [18, -22, -259], [-2, -2, -259], [18, -2, -259], [-2, -22, -239], [18, -22, -239], [-2, -2, -239], [18, -2, -239]]
Kalman: No, Frame: 72, Points: [[68, -28, -482], [88, -28, -482], [68, -8, -482], [88, -8, -482], [68, -28, -462], [88, -28, -462], [68, -8, -462], [88, -8, -462]]
Kalman: No, Frame: 72, Points: [[-2, -22, -256], [18, -22, -256], [-2, -2, -256], [18, -2, -256], [-2, -22, -236], [18, -22, -236], [-2, -2, -236], [18, -2, -236]]
Kalman: Yes, Frame: 73, Points: [[67, -27, -439], [87, -27, -439], [67, -7, -439], [87, -7, -439], [67, -27, -419], [87, -27, -419], [67, -7, -419], [87, -7, -419]]
Kalman: Yes, Frame: 73, Points: [[-2, -22, -259], [18, -22, -259], [-2, -2, -259], [18, -2, -259], [-2, -22, -239], [18, -22, -239], [-2, -2, -239], [18, -2, -239]]
Kalman: No, Frame: 73, Points: [[68, -28, -447], [88, -28, -447], [68, -8, -447], [88, -8, -447], [68, -28, -427], [88, -28, -427], [68, -8, -427], [88, -8, -427]]
Kalman: No, Frame: 73, Points: [[-2, -22, -256], [18, -22, -256], [-2, -2, -256], [18, -2, -256], [-2, -22, -236], [18, -22, -236], [-2, -2, -236], [18, -2, -236]]
Kalman: Yes, Frame: 74, Points: [[64, -27, -404], [84, -27, -404], [64, -7, -404], [84, -7, -404], [64, -27, -384], [84, -27, -384], [64, -7, -384], [84, -7, -384]]
Kalman: Yes, Frame: 74, Points: [[41, -28, -547], [61, -28, -547], [41, -8, -547], [61, -8, -547], [41, -28, -527], [61, -28, -527], [41, -8, -527], [61, -8, -527]]
Kalman: Yes, Frame: 74, Points: [[-2, -22, -260], [18, -22, -260], [-2, -2, -260], [18, -2, -260], [-2, -22, -240], [18, -22, -240], [-2, -2, -240], [18, -2, -240]]
Kalman: No, Frame: 74, Points: [[65, -27, -413], [85, -27, -413], [65, -7, -413], [85, -7, -413], [65, -27, -393], [85, -27, -393], [65, -7, -393], [85, -7, -393]]
Kalman: No, Frame: 74, Points: [[41, -28, -547], [61, -28, -547], [41, -8, -547], [61, -8, -547], [41, -28, -527], [61, -28, -527], [41, -8, -527], [61, -8, -527]]
Kalman: No, Frame: 74, Points: [[-2, -21, -257], [18, -21, -257], [-2, -1, -257], [18, -1, -257], [-2, -21, -237], [18, -21, -237], [-2, -1, -237], [18, -1, -237]]
Kalman: Yes, Frame: 75, Points: [[41, -28, -525], [61, -28, -525], [41, -8, -525], [61, -8, -525], [41, -28, -505], [61, -28, -505], [41, -8, -505], [61, -8, -505]]
Kalman: Yes, Frame: 75, Points: [[-2, -22, -260], [18, -22, -260], [-2, -2, -260], [18, -2, -260], [-2, -22, -240], [18, -22, -240], [-2, -2, -240], [18, -2, -240]]
Kalman: No, Frame: 75, Points: [[41, -28, -525], [61, -28, -525], [41, -8, -525], [61, -8, -525], [41, -28, -505], [61, -28, -505], [41, -8, -505], [61, -8, -505]]
Kalman: No, Frame: 75, Points: [[-2, -21, -258], [18, -21, -258], [-2, -1, -258], [18, -1, -258], [-2, -21, -238], [18, -21, -238], [-2, -1, -238], [18, -1, -238]]
Kalman: Yes, Frame: 76, Points: [[39, -27, -482], [59, -27, -482], [39, -7, -482], [59, -7, -482], [39, -27, -462], [59, -27, -462], [39, -7, -462], [59, -7, -462]]
Kalman: Yes, Frame: 76, Points: [[-2, -22, -260], [18, -22, -260], [-2, -2, -260], [18, -2, -260], [-2, -22, -240], [18, -22, -240], [-2, -2, -240], [18, -2, -240]]
Kalman: Yes, Frame: 76, Points: [[63, -27, -356], [83, -27, -356], [63, -7, -356], [83, -7, -356], [63, -27, -336], [83, -27, -336], [63, -7, -336], [83, -7, -336]]
Kalman: No, Frame: 76, Points: [[39, -27, -479], [59, -27, -479], [39, -7, -479], [59, -7, -479], [39, -27, -459], [59, -27, -459], [39, -7, -459], [59, -7, -459]]
Kalman: No, Frame: 76, Points: [[-2, -21, -257], [18, -21, -257], [-2, -1, -257], [18, -1, -257], [-2, -21, -237], [18, -21, -237], [-2, -1, -237], [18, -1, -237]]
Kalman: No, Frame: 76, Points: [[63, -28, -355], [83, -28, -355], [63, -8, -355], [83, -8, -355], [63, -28, -335], [83, -28, -335], [63, -8, -335], [83, -8, -335]]
Kalman: Yes, Frame: 77, Points: [[36, -26, -433], [56, -26, -433], [36, -6, -433], [56, -6, -433], [36, -26, -413], [56, -26, -413], [36, -6, -413], [56, -6, -413]]
Kalman: Yes, Frame: 77, Points: [[61, -26, -317], [81, -26, -317], [61, -6, -317], [81, -6, -317], [61, -26, -297], [81, -26, -297], [61, -6, -297], [81, -6, -297]]
Kalman: Yes, Frame: 77, Points: [[-2, -22, -260], [18, -22, -260], [-2, -2, -260], [18, -2, -260], [-2, -22, -240], [18, -22, -240], [-2, -2, -240], [18, -2, -240]]
Kalman: No, Frame: 77, Points: [[36, -26, -429], [56, -26, -429], [36, -6, -429], [56, -6, -429], [36, -26, -409], [56, -26, -409], [36, -6, -409], [56, -6, -409]]
Kalman: No, Frame: 77, Points: [[62, -26, -325], [82, -26, -325], [62, -6, -325], [82, -6, -325], [62, -26, -305], [82, -26, -305], [62, -6, -305], [82, -6, -305]]
Kalman: No, Frame: 77, Points: [[-2, -21, -256], [18, -21, -256], [-2, -1, -256], [18, -1, -256], [-2, -21, -236], [18, -21, -236], [-2, -1, -236], [18, -1, -236]]
Kalman: Yes, Frame: 78, Points: [[35, -26, -395], [55, -26, -395], [35, -6, -395], [55, -6, -395], [35, -26, -375], [55, -26, -375], [35, -6, -375], [55, -6, -375]]
Kalman: Yes, Frame: 78, Points: [[59, -26, -282], [79, -26, -282], [59, -6, -282], [79, -6, -282], [59, -26, -262], [79, -26, -262], [59, -6, -262], [79, -6, -262]]
Kalman: Yes, Frame: 78, Points: [[-2, -22, -260], [18, -22, -260], [-2, -2, -260], [18, -2, -260], [-2, -22, -240], [18, -22, -240], [-2, -2, -240], [18, -2, -240]]
Kalman: No, Frame: 78, Points: [[35, -27, -399], [55, -27, -399], [35, -7, -399], [55, -7, -399], [35, -27, -379], [55, -27, -379], [35, -7, -379], [55, -7, -379]]
Kalman: No, Frame: 78, Points: [[60, -27, -293], [80, -27, -293], [60, -7, -293], [80, -7, -293], [60, -27, -273], [80, -27, -273], [60, -7, -273], [80, -7, -273]]
Kalman: No, Frame: 78, Points: [[-3, -22, -256], [17, -22, -256], [-3, -2, -256], [17, -2, -256], [-3, -22, -236], [17, -22, -236], [-3, -2, -236], [17, -2, -236]]
Kalman: Yes, Frame: 79, Points: [[58, -27, -248], [78, -27, -248], [58, -7, -248], [78, -7, -248], [58, -27, -228], [78, -27, -228], [58, -7, -228], [78, -7, -228]]
Kalman: Yes, Frame: 79, Points: [[-2, -22, -260], [18, -22, -260], [-2, -2, -260], [18, -2, -260], [-2, -22, -240], [18, -22, -240], [-2, -2, -240], [18, -2, -240]]
Kalman: Yes, Frame: 79, Points: [[34, -28, -360], [54, -28, -360], [34, -8, -360], [54, -8, -360], [34, -28, -340], [54, -28, -340], [34, -8, -340], [54, -8, -340]]
Kalman: No, Frame: 79, Points: [[59, -28, -261], [79, -28, -261], [59, -8, -261], [79, -8, -261], [59, -28, -241], [79, -28, -241], [59, -8, -241], [79, -8, -241]]
Kalman: No, Frame: 79, Points: [[-3, -24, -257], [17, -24, -257], [-3, -4, -257], [17, -4, -257], [-3, -24, -237], [17, -24, -237], [-3, -4, -237], [17, -4, -237]]
Kalman: No, Frame: 79, Points: [[34, -29, -365], [54, -29, -365], [34, -9, -365], [54, -9, -365], [34, -29, -345], [54, -29, -345], [34, -9, -345], [54, -9, -345]]
Kalman: Yes, Frame: 80, Points: [[57, -27, -218], [77, -27, -218], [57, -7, -218], [77, -7, -218], [57, -27, -198], [77, -27, -198], [57, -7, -198], [77, -7, -198]]
Kalman: Yes, Frame: 80, Points: [[-2, -22, -261], [18, -22, -261], [-2, -2, -261], [18, -2, -261], [-2, -22, -241], [18, -22, -241], [-2, -2, -241], [18, -2, -241]]
Kalman: Yes, Frame: 80, Points: [[33, -28, -327], [53, -28, -327], [33, -8, -327], [53, -8, -327], [33, -28, -307], [53, -28, -307], [33, -8, -307], [53, -8, -307]]
Kalman: No, Frame: 80, Points: [[59, -28, -237], [79, -28, -237], [59, -8, -237], [79, -8, -237], [59, -28, -217], [79, -28, -217], [59, -8, -217], [79, -8, -217]]
Kalman: No, Frame: 80, Points: [[-3, -24, -260], [17, -24, -260], [-3, -4, -260], [17, -4, -260], [-3, -24, -240], [17, -24, -240], [-3, -4, -240], [17, -4, -240]]
Kalman: No, Frame: 80, Points: [[34, -29, -333], [54, -29, -333], [34, -9, -333], [54, -9, -333], [34, -29, -313], [54, -29, -313], [34, -9, -313], [54, -9, -313]]
Kalman: Yes, Frame: 81, Points: [[57, -27, -190], [77, -27, -190], [57, -7, -190], [77, -7, -190], [57, -27, -170], [77, -27, -170], [57, -7, -170], [77, -7, -170]]
Kalman: Yes, Frame: 81, Points: [[33, -28, -300], [53, -28, -300], [33, -8, -300], [53, -8, -300], [33, -28, -280], [53, -28, -280], [33, -8, -280], [53, -8, -280]]
Kalman: Yes, Frame: 81, Points: [[-2, -22, -261], [18, -22, -261], [-2, -2, -261], [18, -2, -261], [-2, -22, -241], [18, -22, -241], [-2, -2, -241], [18, -2, -241]]
Kalman: No, Frame: 81, Points: [[60, -27, -211], [80, -27, -211], [60, -7, -211], [80, -7, -211], [60, -27, -191], [80, -27, -191], [60, -7, -191], [80, -7, -191]]
Kalman: No, Frame: 81, Points: [[34, -27, -312], [54, -27, -312], [34, -7, -312], [54, -7, -312], [34, -27, -292], [54, -27, -292], [34, -7, -292], [54, -7, -292]]
Kalman: No, Frame: 81, Points: [[-3, -24, -258], [17, -24, -258], [-3, -4, -258], [17, -4, -258], [-3, -24, -238], [17, -24, -238], [-3, -4, -238], [17, -4, -238]]
Kalman: Yes, Frame: 82, Points: [[32, -27, -268], [52, -27, -268], [32, -7, -268], [52, -7, -268], [32, -27, -248], [52, -27, -248], [32, -7, -248], [52, -7, -248]]
Kalman: Yes, Frame: 82, Points: [[56, -26, -160], [76, -26, -160], [56, -6, -160], [76, -6, -160], [56, -26, -140], [76, -26, -140], [56, -6, -140], [76, -6, -140]]
Kalman: Yes, Frame: 82, Points: [[-2, -23, -261], [18, -23, -261], [-2, -3, -261], [18, -3, -261], [-2, -23, -241], [18, -23, -241], [-2, -3, -241], [18, -3, -241]]
Kalman: No, Frame: 82, Points: [[33, -26, -273], [53, -26, -273], [33, -6, -273], [53, -6, -273], [33, -26, -253], [53, -26, -253], [33, -6, -253], [53, -6, -253]]
Kalman: No, Frame: 82, Points: [[57, -25, -176], [77, -25, -176], [57, -5, -176], [77, -5, -176], [57, -25, -156], [77, -25, -156], [57, -5, -156], [77, -5, -156]]
Kalman: No, Frame: 82, Points: [[-3, -24, -260], [17, -24, -260], [-3, -4, -260], [17, -4, -260], [-3, -24, -240], [17, -24, -240], [-3, -4, -240], [17, -4, -240]]
Kalman: Yes, Frame: 83, Points: [[32, -27, -239], [52, -27, -239], [32, -7, -239], [52, -7, -239], [32, -27, -219], [52, -27, -219], [32, -7, -219], [52, -7, -219]]
Kalman: Yes, Frame: 83, Points: [[-2, -23, -262], [18, -23, -262], [-2, -3, -262], [18, -3, -262], [-2, -23, -242], [18, -23, -242], [-2, -3, -242], [18, -3, -242]]
Kalman: Yes, Frame: 83, Points: [[-2089, 431, 3593], [-2069, 431, 3593], [-2089, 451, 3593], [-2069, 451, 3593], [-2089, 431, 3613], [-2069, 431, 3613], [-2089, 451, 3613], [-2069, 451, 3613]]
Kalman: No, Frame: 83, Points: [[34, -26, -250], [54, -26, -250], [34, -6, -250], [54, -6, -250], [34, -26, -230], [54, -26, -230], [34, -6, -230], [54, -6, -230]]
Kalman: No, Frame: 83, Points: [[-3, -24, -266], [17, -24, -266], [-3, -4, -266], [17, -4, -266], [-3, -24, -246], [17, -24, -246], [-3, -4, -246], [17, -4, -246]]
Kalman: No, Frame: 83, Points: [[-2089, 431, 3593], [-2069, 431, 3593], [-2089, 451, 3593], [-2069, 451, 3593], [-2089, 431, 3613], [-2069, 431, 3613], [-2089, 451, 3613], [-2069, 451, 3613]]
Kalman: Yes, Frame: 84, Points: [[30, -25, -202], [50, -25, -202], [30, -5, -202], [50, -5, -202], [30, -25, -182], [50, -25, -182], [30, -5, -182], [50, -5, -182]]
Kalman: Yes, Frame: 84, Points: [[-2, -23, -262], [18, -23, -262], [-2, -3, -262], [18, -3, -262], [-2, -23, -242], [18, -23, -242], [-2, -3, -242], [18, -3, -242]]
Kalman: No, Frame: 84, Points: [[29, -23, -196], [49, -23, -196], [29, -3, -196], [49, -3, -196], [29, -23, -176], [49, -23, -176], [29, -3, -176], [49, -3, -176]]
Kalman: No, Frame: 84, Points: [[-4, -23, -260], [16, -23, -260], [-4, -3, -260], [16, -3, -260], [-4, -23, -240], [16, -23, -240], [-4, -3, -240], [16, -3, -240]]
Kalman: Yes, Frame: 85, Points: [[46, -25, -136], [66, -25, -136], [46, -5, -136], [66, -5, -136], [46, -25, -116], [66, -25, -116], [46, -5, -116], [66, -5, -116]]
Kalman: Yes, Frame: 85, Points: [[-2, -23, -262], [18, -23, -262], [-2, -3, -262], [18, -3, -262], [-2, -23, -242], [18, -23, -242], [-2, -3, -242], [18, -3, -242]]
Kalman: Yes, Frame: 85, Points: [[-2910, 612, 3593], [-2890, 612, 3593], [-2910, 632, 3593], [-2890, 632, 3593], [-2910, 612, 3613], [-2890, 612, 3613], [-2910, 632, 3613], [-2890, 632, 3613]]
Kalman: No, Frame: 85, Points: [[28, -22, -165], [48, -22, -165], [28, -2, -165], [48, -2, -165], [28, -22, -145], [48, -22, -145], [28, -2, -145], [48, -2, -145]]
Kalman: No, Frame: 85, Points: [[-4, -22, -260], [16, -22, -260], [-4, -2, -260], [16, -2, -260], [-4, -22, -240], [16, -22, -240], [-4, -2, -240], [16, -2, -240]]
Kalman: No, Frame: 85, Points: [[-2910, 612, 3593], [-2890, 612, 3593], [-2910, 632, 3593], [-2890, 632, 3593], [-2910, 612, 3613], [-2890, 612, 3613], [-2910, 632, 3613], [-2890, 632, 3613]]
Kalman: Yes, Frame: 86, Points: [[40, -24, -109], [60, -24, -109], [40, -4, -109], [60, -4, -109], [40, -24, -89], [60, -24, -89], [40, -4, -89], [60, -4, -89]]
Kalman: Yes, Frame: 86, Points: [[-3, -23, -264], [17, -23, -264], [-3, -3, -264], [17, -3, -264], [-3, -23, -244], [17, -23, -244], [-3, -3, -244], [17, -3, -244]]
Kalman: No, Frame: 86, Points: [[29, -21, -132], [49, -21, -132], [29, -1, -132], [49, -1, -132], [29, -21, -112], [49, -21, -112], [29, -1, -112], [49, -1, -112]]
Kalman: No, Frame: 86, Points: [[-3, -23, -270], [17, -23, -270], [-3, -3, -270], [17, -3, -270], [-3, -23, -250], [17, -23, -250], [-3, -3, -250], [17, -3, -250]]
Kalman: Yes, Frame: 87, Points: [[-1860, 554, 3593], [-1840, 554, 3593], [-1860, 574, 3593], [-1840, 574, 3593], [-1860, 554, 3613], [-1840, 554, 3613], [-1860, 574, 3613], [-1840, 574, 3613]]
Kalman: Yes, Frame: 87, Points: [[-3, -23, -264], [17, -23, -264], [-3, -3, -264], [17, -3, -264], [-3, -23, -244], [17, -23, -244], [-3, -3, -244], [17, -3, -244]]
Kalman: No, Frame: 87, Points: [[-1860, 554, 3593], [-1840, 554, 3593], [-1860, 574, 3593], [-1840, 574, 3593], [-1860, 554, 3613], [-1840, 554, 3613], [-1860, 574, 3613], [-1840, 574, 3613]]
Kalman: No, Frame: 87, Points: [[-4, -22, -260], [16, -22, -260], [-4, -2, -260], [16, -2, -260], [-4, -22, -240], [16, -22, -240], [-4, -2, -240], [16, -2, -240]]
Kalman: Yes, Frame: 88, Points: [[-3, -23, -265], [17, -23, -265], [-3, -3, -265], [17, -3, -265], [-3, -23, -245], [17, -23, -245], [-3, -3, -245], [17, -3, -245]]
Kalman: No, Frame: 88, Points: [[-3, -23, -268], [17, -23, -268], [-3, -3, -268], [17, -3, -268], [-3, -23, -248], [17, -23, -248], [-3, -3, -248], [17, -3, -248]]
Kalman: Yes, Frame: 89, Points: [[-3064, 703, 3593], [-3044, 703, 3593], [-3064, 723, 3593], [-3044, 723, 3593], [-3064, 703, 3613], [-3044, 703, 3613], [-3064, 723, 3613], [-3044, 723, 3613]]
Kalman: Yes, Frame: 89, Points: [[-3, -23, -266], [17, -23, -266], [-3, -3, -266], [17, -3, -266], [-3, -23, -246], [17, -23, -246], [-3, -3, -246], [17, -3, -246]]
Kalman: No, Frame: 89, Points: [[-3064, 703, 3593], [-3044, 703, 3593], [-3064, 723, 3593], [-3044, 723, 3593], [-3064, 703, 3613], [-3044, 703, 3613], [-3064, 723, 3613], [-3044, 723, 3613]]
Kalman: No, Frame: 89, Points: [[-3, -23, -267], [17, -23, -267], [-3, -3, -267], [17, -3, -267], [-3, -23, -247], [17, -23, -247], [-3, -3, -247], [17, -3, -247]]
Kalman: Yes, Frame: 90, Points: [[-3, -23, -265], [17, -23, -265], [-3, -3, -265], [17, -3, -265], [-3, -23, -245], [17, -23, -245], [-3, -3, -245], [17, -3, -245]]
Kalman: No, Frame: 90, Points: [[-4, -23, -260], [16, -23, -260], [-4, -3, -260], [16, -3, -260], [-4, -23, -240], [16, -23, -240], [-4, -3, -240], [16, -3, -240]]
Kalman: Yes, Frame: 91, Points: [[-3, -23, -266], [17, -23, -266], [-3, -3, -266], [17, -3, -266], [-3, -23, -246], [17, -23, -246], [-3, -3, -246], [17, -3, -246]]
Kalman: No, Frame: 91, Points: [[-3, -23, -264], [17, -23, -264], [-3, -3, -264], [17, -3, -264], [-3, -23, -244], [17, -23, -244], [-3, -3, -244], [17, -3, -244]]
Kalman: Yes, Frame: 92, Points: [[-3, -23, -265], [17, -23, -265], [-3, -3, -265], [17, -3, -265], [-3, -23, -245], [17, -23, -245], [-3, -3, -245], [17, -3, -245]]
Kalman: No, Frame: 92, Points: [[-3, -22, -256], [17, -22, -256], [-3, -2, -256], [17, -2, -256], [-3, -22, -236], [17, -22, -236], [-3, -2, -236], [17, -2, -236]]
Kalman: Yes, Frame: 93, Points: [[-3, -23, -265], [17, -23, -265], [-3, -3, -265], [17, -3, -265], [-3, -23, -245], [17, -23, -245], [-3, -3, -245], [17, -3, -245]]
Kalman: Yes, Frame: 93, Points: [[-279, 81, 3593], [-259, 81, 3593], [-279, 101, 3593], [-259, 101, 3593], [-279, 81, 3613], [-259, 81, 3613], [-279, 101, 3613], [-259, 101, 3613]]
Kalman: No, Frame: 93, Points: [[-3, -22, -266], [17, -22, -266], [-3, -2, -266], [17, -2, -266], [-3, -22, -246], [17, -22, -246], [-3, -2, -246], [17, -2, -246]]
Kalman: No, Frame: 93, Points: [[-273, 74, 3593], [-253, 74, 3593], [-273, 94, 3593], [-253, 94, 3593], [-273, 74, 3613], [-253, 74, 3613], [-273, 94, 3613], [-253, 94, 3613]]
Kalman: Yes, Frame: 94, Points: [[-3, -23, -265], [17, -23, -265], [-3, -3, -265], [17, -3, -265], [-3, -23, -245], [17, -23, -245], [-3, -3, -245], [17, -3, -245]]
Kalman: No, Frame: 94, Points: [[-3, -22, -259], [17, -22, -259], [-3, -2, -259], [17, -2, -259], [-3, -22, -239], [17, -22, -239], [-3, -2, -239], [17, -2, -239]]
Kalman: Yes, Frame: 95, Points: [[-3, -23, -264], [17, -23, -264], [-3, -3, -264], [17, -3, -264], [-3, -23, -244], [17, -23, -244], [-3, -3, -244], [17, -3, -244]]
Kalman: No, Frame: 95, Points: [[-3, -22, -258], [17, -22, -258], [-3, -2, -258], [17, -2, -258], [-3, -22, -238], [17, -22, -238], [-3, -2, -238], [17, -2, -238]]
Kalman: Yes, Frame: 96, Points: [[-3, -23, -263], [17, -23, -263], [-3, -3, -263], [17, -3, -263], [-3, -23, -243], [17, -23, -243], [-3, -3, -243], [17, -3, -243]]
Kalman: No, Frame: 96, Points: [[-3, -22, -257], [17, -22, -257], [-3, -2, -257], [17, -2, -257], [-3, -22, -237], [17, -22, -237], [-3, -2, -237], [17, -2, -237]]
Kalman: Yes, Frame: 97, Points: [[-3, -23, -263], [17, -23, -263], [-3, -3, -263], [17, -3, -263], [-3, -23, -243], [17, -23, -243], [-3, -3, -243], [17, -3, -243]]
Kalman: Yes, Frame: 97, Points: [[85, -44, -1290], [105, -44, -1290], [85, -24, -1290], [105, -24, -1290], [85, -44, -1270], [105, -44, -1270], [85, -24, -1270], [105, -24, -1270]]
Kalman: No, Frame: 97, Points: [[-2, -24, -258], [18, -24, -258], [-2, -4, -258], [18, -4, -258], [-2, -24, -238], [18, -24, -238], [-2, -4, -238], [18, -4, -238]]
Kalman: No, Frame: 97, Points: [[85, -44, -1290], [105, -44, -1290], [85, -24, -1290], [105, -24, -1290], [85, -44, -1270], [105, -44, -1270], [85, -24, -1270], [105, -24, -1270]]
Kalman: Yes, Frame: 98, Points: [[-3, -23, -262], [17, -23, -262], [-3, -3, -262], [17, -3, -262], [-3, -23, -242], [17, -23, -242], [-3, -3, -242], [17, -3, -242]]
Kalman: No, Frame: 98, Points: [[-2, -22, -257], [18, -22, -257], [-2, -2, -257], [18, -2, -257], [-2, -22, -237], [18, -22, -237], [-2, -2, -237], [18, -2, -237]]
Kalman: Yes, Frame: 99, Points: [[-3, -23, -262], [17, -23, -262], [-3, -3, -262], [17, -3, -262], [-3, -23, -242], [17, -23, -242], [-3, -3, -242], [17, -3, -242]]
Kalman: No, Frame: 99, Points: [[-2, -22, -258], [18, -22, -258], [-2, -2, -258], [18, -2, -258], [-2, -22, -238], [18, -22, -238], [-2, -2, -238], [18, -2, -238]]
Kalman: Yes, Frame: 100, Points: [[-3, -22, -261], [17, -22, -261], [-3, -2, -261], [17, -2, -261], [-3, -22, -241], [17, -22, -241], [-3, -2, -241], [17, -2, -241]]
Kalman: No, Frame: 100, Points: [[-2, -22, -258], [18, -22, -258], [-2, -2, -258], [18, -2, -258], [-2, -22, -238], [18, -22, -238], [-2, -2, -238], [18, -2, -238]]
