[[-17, -21, -211], [3, -21, -211], [-17, -1, -211], [3, -1, -211], [-17, -21, -191], [3, -21, -191], [-17, -1, -191], [3, -1, -191]]
[[91, -27, -432], [111, -27, -432], [91, -7, -432], [111, -7, -432], [91, -27, -412], [111, -27, -412], [91, -7, -412], [111, -7, -412]]
[[133, -28, -432], [153, -28, -432], [133, -8, -432], [153, -8, -432], [133, -28, -412], [153, -28, -412], [133, -8, -412], [153, -8, -412]]
[[-15, -21, -211], [5, -21, -211], [-15, -1, -211], [5, -1, -211], [-15, -21, -191], [5, -21, -191], [-15, -1, -191], [5, -1, -191]]
[[137, -27, -415], [157, -27, -415], [137, -7, -415], [157, -7, -415], [137, -27, -395], [157, -27, -395], [137, -7, -395], [157, -7, -395]]
[[89, -25, -403], [109, -25, -403], [89, -5, -403], [109, -5, -403], [89, -25, -383], [109, -25, -383], [89, -5, -383], [109, -5, -383]]
[[-14, -21, -211], [6, -21, -211], [-14, -1, -211], [6, -1, -211], [-14, -21, -191], [6, -21, -191], [-14, -1, -191], [6, -1, -191]]
[[134, -27, -393], [154, -27, -393], [134, -7, -393], [154, -7, -393], [134, -27, -373], [154, -27, -373], [134, -7, -373], [154, -7, -373]]
[[88, -27, -385], [108, -27, -385], [88, -7, -385], [108, -7, -385], [88, -27, -365], [108, -27, -365], [88, -7, -365], [108, -7, -365]]
[[-13, -22, -212], [7, -22, -212], [-13, -2, -212], [7, -2, -212], [-13, -22, -192], [7, -22, -192], [-13, -2, -192], [7, -2, -192]]
[[128, -27, -367], [148, -27, -367], [128, -7, -367], [148, -7, -367], [128, -27, -347], [148, -27, -347], [128, -7, -347], [148, -7, -347]]
[[83, -27, -357], [103, -27, -357], [83, -7, -357], [103, -7, -357], [83, -27, -337], [103, -27, -337], [83, -7, -337], [103, -7, -337]]
[[-13, -22, -212], [7, -22, -212], [-13, -2, -212], [7, -2, -212], [-13, -22, -192], [7, -22, -192], [-13, -2, -192], [7, -2, -192]]
[[122, -27, -337], [142, -27, -337], [122, -7, -337], [142, -7, -337], [122, -27, -317], [142, -27, -317], [122, -7, -317], [142, -7, -317]]
[[79, -26, -324], [99, -26, -324], [79, -6, -324], [99, -6, -324], [79, -26, -304], [99, -26, -304], [79, -6, -304], [99, -6, -304]]
[[-12, -22, -212], [8, -22, -212], [-12, -2, -212], [8, -2, -212], [-12, -22, -192], [8, -22, -192], [-12, -2, -192], [8, -2, -192]]
[[77, -25, -295], [97, -25, -295], [77, -5, -295], [97, -5, -295], [77, -25, -275], [97, -25, -275], [77, -5, -275], [97, -5, -275]]
[[118, -26, -312], [138, -26, -312], [118, -6, -312], [138, -6, -312], [118, -26, -292], [138, -26, -292], [118, -6, -292], [138, -6, -292]]
[[74, -25, -267], [94, -25, -267], [74, -5, -267], [94, -5, -267], [74, -25, -247], [94, -25, -247], [74, -5, -247], [94, -5, -247]]
[[-11, -22, -213], [9, -22, -213], [-11, -2, -213], [9, -2, -213], [-11, -22, -193], [9, -22, -193], [-11, -2, -193], [9, -2, -193]]
[[118, -26, -295], [138, -26, -295], [118, -6, -295], [138, -6, -295], [118, -26, -275], [138, -26, -275], [118, -6, -275], [138, -6, -275]]
[[71, -24, -238], [91, -24, -238], [71, -4, -238], [91, -4, -238], [71, -24, -218], [91, -24, -218], [71, -4, -218], [91, -4, -218]]
[[114, -26, -271], [134, -26, -271], [114, -6, -271], [134, -6, -271], [114, -26, -251], [134, -26, -251], [114, -6, -251], [134, -6, -251]]
[[-11, -22, -213], [9, -22, -213], [-11, -2, -213], [9, -2, -213], [-11, -22, -193], [9, -22, -193], [-11, -2, -193], [9, -2, -193]]
[[112, -25, -248], [132, -25, -248], [112, -5, -248], [132, -5, -248], [112, -25, -228], [132, -25, -228], [112, -5, -228], [132, -5, -228]]
[[70, -24, -209], [90, -24, -209], [70, -4, -209], [90, -4, -209], [70, -24, -189], [90, -24, -189], [70, -4, -189], [90, -4, -189]]
[[-10, -23, -215], [10, -23, -215], [-10, -3, -215], [10, -3, -215], [-10, -23, -195], [10, -23, -195], [-10, -3, -195], [10, -3, -195]]
[[67, -23, -181], [87, -23, -181], [67, -3, -181], [87, -3, -181], [67, -23, -161], [87, -23, -161], [67, -3, -161], [87, -3, -161]]
[[-10, -23, -216], [10, -23, -216], [-10, -3, -216], [10, -3, -216], [-10, -23, -196], [10, -23, -196], [-10, -3, -196], [10, -3, -196]]
[[110, -25, -226], [130, -25, -226], [110, -5, -226], [130, -5, -226], [110, -25, -206], [130, -25, -206], [110, -5, -206], [130, -5, -206]]
[[65, -23, -153], [85, -23, -153], [65, -3, -153], [85, -3, -153], [65, -23, -133], [85, -23, -133], [65, -3, -133], [85, -3, -133]]
[[-10, -23, -218], [10, -23, -218], [-10, -3, -218], [10, -3, -218], [-10, -23, -198], [10, -23, -198], [-10, -3, -198], [10, -3, -198]]
[[-2665, 410, 3593], [-2645, 410, 3593], [-2665, 430, 3593], [-2645, 430, 3593], [-2665, 410, 3613], [-2645, 410, 3613], [-2665, 430, 3613], [-2645, 430, 3613]]
[[-9, -23, -218], [11, -23, -218], [-9, -3, -218], [11, -3, -218], [-9, -23, -198], [11, -23, -198], [-9, -3, -198], [11, -3, -198]]
[[-9, -23, -219], [11, -23, -219], [-9, -3, -219], [11, -3, -219], [-9, -23, -199], [11, -23, -199], [-9, -3, -199], [11, -3, -199]]
[[-8, -23, -219], [12, -23, -219], [-8, -3, -219], [12, -3, -219], [-8, -23, -199], [12, -23, -199], [-8, -3, -199], [12, -3, -199]]
[[-3187, 362, 3593], [-3167, 362, 3593], [-3187, 382, 3593], [-3167, 382, 3593], [-3187, 362, 3613], [-3167, 362, 3613], [-3187, 382, 3613], [-3167, 382, 3613]]
[[-75, 229, 3593], [-55, 229, 3593], [-75, 249, 3593], [-55, 249, 3593], [-75, 229, 3613], [-55, 229, 3613], [-75, 249, 3613], [-55, 249, 3613]]
[[-7, -22, -220], [13, -22, -220], [-7, -2, -220], [13, -2, -220], [-7, -22, -200], [13, -22, -200], [-7, -2, -200], [13, -2, -200]]
[[-6, -22, -221], [14, -22, -221], [-6, -2, -221], [14, -2, -221], [-6, -22, -201], [14, -22, -201], [-6, -2, -201], [14, -2, -201]]
[[-5, -22, -221], [15, -22, -221], [-5, -2, -221], [15, -2, -221], [-5, -22, -201], [15, -22, -201], [-5, -2, -201], [15, -2, -201]]
[[-4, -22, -221], [16, -22, -221], [-4, -2, -221], [16, -2, -221], [-4, -22, -201], [16, -22, -201], [-4, -2, -201], [16, -2, -201]]
[[-4, -22, -221], [16, -22, -221], [-4, -2, -221], [16, -2, -221], [-4, -22, -201], [16, -22, -201], [-4, -2, -201], [16, -2, -201]]
[[-3, -22, -221], [17, -22, -221], [-3, -2, -221], [17, -2, -221], [-3, -22, -201], [17, -22, -201], [-3, -2, -201], [17, -2, -201]]
[[-2, -22, -221], [18, -22, -221], [-2, -2, -221], [18, -2, -221], [-2, -22, -201], [18, -22, -201], [-2, -2, -201], [18, -2, -201]]
[[-2, -22, -223], [18, -22, -223], [-2, -2, -223], [18, -2, -223], [-2, -22, -203], [18, -22, -203], [-2, -2, -203], [18, -2, -203]]
[[-2, -22, -223], [18, -22, -223], [-2, -2, -223], [18, -2, -223], [-2, -22, -203], [18, -22, -203], [-2, -2, -203], [18, -2, -203]]
[[-1, -22, -224], [19, -22, -224], [-1, -2, -224], [19, -2, -224], [-1, -22, -204], [19, -22, -204], [-1, -2, -204], [19, -2, -204]]
[[-1, -22, -231], [19, -22, -231], [-1, -2, -231], [19, -2, -231], [-1, -22, -211], [19, -22, -211], [-1, -2, -211], [19, -2, -211]]
[[-1, -22, -232], [19, -22, -232], [-1, -2, -232], [19, -2, -232], [-1, -22, -212], [19, -22, -212], [-1, -2, -212], [19, -2, -212]]
[[-1, -22, -231], [19, -22, -231], [-1, -2, -231], [19, -2, -231], [-1, -22, -211], [19, -22, -211], [-1, -2, -211], [19, -2, -211]]
[[-1, -22, -230], [19, -22, -230], [-1, -2, -230], [19, -2, -230], [-1, -22, -210], [19, -22, -210], [-1, -2, -210], [19, -2, -210]]
[[-1, -22, -229], [19, -22, -229], [-1, -2, -229], [19, -2, -229], [-1, -22, -209], [19, -22, -209], [-1, -2, -209], [19, -2, -209]]
[[-1, -22, -229], [19, -22, -229], [-1, -2, -229], [19, -2, -229], [-1, -22, -209], [19, -22, -209], [-1, -2, -209], [19, -2, -209]]
[[-2, -21, -229], [18, -21, -229], [-2, -1, -229], [18, -1, -229], [-2, -21, -209], [18, -21, -209], [-2, -1, -209], [18, -1, -209]]
[[-2, -21, -228], [18, -21, -228], [-2, -1, -228], [18, -1, -228], [-2, -21, -208], [18, -21, -208], [-2, -1, -208], [18, -1, -208]]
[[-2, -21, -229], [18, -21, -229], [-2, -1, -229], [18, -1, -229], [-2, -21, -209], [18, -21, -209], [-2, -1, -209], [18, -1, -209]]
[[-3, -21, -228], [17, -21, -228], [-3, -1, -228], [17, -1, -228], [-3, -21, -208], [17, -21, -208], [-3, -1, -208], [17, -1, -208]]
[[-3, -21, -229], [17, -21, -229], [-3, -1, -229], [17, -1, -229], [-3, -21, -209], [17, -21, -209], [-3, -1, -209], [17, -1, -209]]
[[-3, -21, -228], [17, -21, -228], [-3, -1, -228], [17, -1, -228], [-3, -21, -208], [17, -21, -208], [-3, -1, -208], [17, -1, -208]]
[[-4, -21, -228], [16, -21, -228], [-4, -1, -228], [16, -1, -228], [-4, -21, -208], [16, -21, -208], [-4, -1, -208], [16, -1, -208]]
[[-4, -21, -229], [16, -21, -229], [-4, -1, -229], [16, -1, -229], [-4, -21, -209], [16, -21, -209], [-4, -1, -209], [16, -1, -209]]
[[-4, -22, -230], [16, -22, -230], [-4, -2, -230], [16, -2, -230], [-4, -22, -210], [16, -22, -210], [-4, -2, -210], [16, -2, -210]]
[[-5, -22, -230], [15, -22, -230], [-5, -2, -230], [15, -2, -230], [-5, -22, -210], [15, -22, -210], [-5, -2, -210], [15, -2, -210]]
[[-5, -22, -231], [15, -22, -231], [-5, -2, -231], [15, -2, -231], [-5, -22, -211], [15, -22, -211], [-5, -2, -211], [15, -2, -211]]
[[-60, 213, 3593], [-40, 213, 3593], [-60, 233, 3593], [-40, 233, 3593], [-60, 213, 3613], [-40, 213, 3613], [-60, 233, 3613], [-40, 233, 3613]]
[[-5, -22, -230], [15, -22, -230], [-5, -2, -230], [15, -2, -230], [-5, -22, -210], [15, -22, -210], [-5, -2, -210], [15, -2, -210]]
[[-5, -22, -232], [15, -22, -232], [-5, -2, -232], [15, -2, -232], [-5, -22, -212], [15, -22, -212], [-5, -2, -212], [15, -2, -212]]
[[-72, 216, 3593], [-52, 216, 3593], [-72, 236, 3593], [-52, 236, 3593], [-72, 216, 3613], [-52, 216, 3613], [-72, 236, 3613], [-52, 236, 3613]]
[[-6, -22, -234], [14, -22, -234], [-6, -2, -234], [14, -2, -234], [-6, -22, -214], [14, -22, -214], [-6, -2, -214], [14, -2, -214]]
[[-6, -22, -235], [14, -22, -235], [-6, -2, -235], [14, -2, -235], [-6, -22, -215], [14, -22, -215], [-6, -2, -215], [14, -2, -215]]
[[-6, -22, -237], [14, -22, -237], [-6, -2, -237], [14, -2, -237], [-6, -22, -217], [14, -22, -217], [-6, -2, -217], [14, -2, -217]]
[[-6, -22, -238], [14, -22, -238], [-6, -2, -238], [14, -2, -238], [-6, -22, -218], [14, -22, -218], [-6, -2, -218], [14, -2, -218]]
[[-6, -22, -240], [14, -22, -240], [-6, -2, -240], [14, -2, -240], [-6, -22, -220], [14, -22, -220], [-6, -2, -220], [14, -2, -220]]
[[-6, -23, -241], [14, -23, -241], [-6, -3, -241], [14, -3, -241], [-6, -23, -221], [14, -23, -221], [-6, -3, -221], [14, -3, -221]]
[[-6, -23, -242], [14, -23, -242], [-6, -3, -242], [14, -3, -242], [-6, -23, -222], [14, -23, -222], [-6, -3, -222], [14, -3, -222]]
[[-6, -23, -242], [14, -23, -242], [-6, -3, -242], [14, -3, -242], [-6, -23, -222], [14, -23, -222], [-6, -3, -222], [14, -3, -222]]
[[-6, -23, -243], [14, -23, -243], [-6, -3, -243], [14, -3, -243], [-6, -23, -223], [14, -23, -223], [-6, -3, -223], [14, -3, -223]]
[[-6, -23, -244], [14, -23, -244], [-6, -3, -244], [14, -3, -244], [-6, -23, -224], [14, -23, -224], [-6, -3, -224], [14, -3, -224]]
[[-6, -23, -244], [14, -23, -244], [-6, -3, -244], [14, -3, -244], [-6, -23, -224], [14, -23, -224], [-6, -3, -224], [14, -3, -224]]
[[-6, -23, -245], [14, -23, -245], [-6, -3, -245], [14, -3, -245], [-6, -23, -225], [14, -23, -225], [-6, -3, -225], [14, -3, -225]]
[[-6, -23, -246], [14, -23, -246], [-6, -3, -246], [14, -3, -246], [-6, -23, -226], [14, -23, -226], [-6, -3, -226], [14, -3, -226]]
[[-6, -23, -247], [14, -23, -247], [-6, -3, -247], [14, -3, -247], [-6, -23, -227], [14, -23, -227], [-6, -3, -227], [14, -3, -227]]
[[-5, -23, -247], [15, -23, -247], [-5, -3, -247], [15, -3, -247], [-5, -23, -227], [15, -23, -227], [-5, -3, -227], [15, -3, -227]]
[[-5, -23, -249], [15, -23, -249], [-5, -3, -249], [15, -3, -249], [-5, -23, -229], [15, -23, -229], [-5, -3, -229], [15, -3, -229]]
[[-5, -23, -250], [15, -23, -250], [-5, -3, -250], [15, -3, -250], [-5, -23, -230], [15, -23, -230], [-5, -3, -230], [15, -3, -230]]
[[-4, -23, -252], [16, -23, -252], [-4, -3, -252], [16, -3, -252], [-4, -23, -232], [16, -23, -232], [-4, -3, -232], [16, -3, -232]]
[[-278, 47, 3593], [-258, 47, 3593], [-278, 67, 3593], [-258, 67, 3593], [-278, 47, 3613], [-258, 47, 3613], [-278, 67, 3613], [-258, 67, 3613]]
[[-4, -22, -253], [16, -22, -253], [-4, -2, -253], [16, -2, -253], [-4, -22, -233], [16, -22, -233], [-4, -2, -233], [16, -2, -233]]
[[-288, 63, 3593], [-268, 63, 3593], [-288, 83, 3593], [-268, 83, 3593], [-288, 63, 3613], [-268, 63, 3613], [-288, 83, 3613], [-268, 83, 3613]]
[[-3, -22, -254], [17, -22, -254], [-3, -2, -254], [17, -2, -254], [-3, -22, -234], [17, -22, -234], [-3, -2, -234], [17, -2, -234]]
[[-3, -22, -255], [17, -22, -255], [-3, -2, -255], [17, -2, -255], [-3, -22, -235], [17, -22, -235], [-3, -2, -235], [17, -2, -235]]
[[-3, -23, -256], [17, -23, -256], [-3, -3, -256], [17, -3, -256], [-3, -23, -236], [17, -23, -236], [-3, -3, -236], [17, -3, -236]]
[[75, -33, -633], [95, -33, -633], [75, -13, -633], [95, -13, -633], [75, -33, -613], [95, -33, -613], [75, -13, -613], [95, -13, -613]]
[[-3, -23, -257], [17, -23, -257], [-3, -3, -257], [17, -3, -257], [-3, -23, -237], [17, -23, -237], [-3, -3, -237], [17, -3, -237]]
[[-2, -22, -257], [18, -22, -257], [-2, -2, -257], [18, -2, -257], [-2, -22, -237], [18, -22, -237], [-2, -2, -237], [18, -2, -237]]
[[-2, -22, -258], [18, -22, -258], [-2, -2, -258], [18, -2, -258], [-2, -22, -238], [18, -22, -238], [-2, -2, -238], [18, -2, -238]]
[[-294, 84, 3593], [-274, 84, 3593], [-294, 104, 3593], [-274, 104, 3593], [-294, 84, 3613], [-274, 84, 3613], [-294, 104, 3613], [-274, 104, 3613]]
[[-2, -22, -258], [18, -22, -258], [-2, -2, -258], [18, -2, -258], [-2, -22, -238], [18, -22, -238], [-2, -2, -238], [18, -2, -238]]
[[75, -28, -544], [95, -28, -544], [75, -8, -544], [95, -8, -544], [75, -28, -524], [95, -28, -524], [75, -8, -524], [95, -8, -524]]
[[69, -28, -480], [89, -28, -480], [69, -8, -480], [89, -8, -480], [69, -28, -460], [89, -28, -460], [69, -8, -460], [89, -8, -460]]
[[-2, -22, -259], [18, -22, -259], [-2, -2, -259], [18, -2, -259], [-2, -22, -239], [18, -22, -239], [-2, -2, -239], [18, -2, -239]]
[[67, -27, -439], [87, -27, -439], [67, -7, -439], [87, -7, -439], [67, -27, -419], [87, -27, -419], [67, -7, -419], [87, -7, -419]]
[[-2, -22, -259], [18, -22, -259], [-2, -2, -259], [18, -2, -259], [-2, -22, -239], [18, -22, -239], [-2, -2, -239], [18, -2, -239]]
[[64, -27, -404], [84, -27, -404], [64, -7, -404], [84, -7, -404], [64, -27, -384], [84, -27, -384], [64, -7, -384], [84, -7, -384]]
[[41, -28, -547], [61, -28, -547], [41, -8, -547], [61, -8, -547], [41, -28, -527], [61, -28, -527], [41, -8, -527], [61, -8, -527]]
[[-2, -22, -260], [18, -22, -260], [-2, -2, -260], [18, -2, -260], [-2, -22, -240], [18, -22, -240], [-2, -2, -240], [18, -2, -240]]
[[41, -28, -525], [61, -28, -525], [41, -8, -525], [61, -8, -525], [41, -28, -505], [61, -28, -505], [41, -8, -505], [61, -8, -505]]
[[-2, -22, -260], [18, -22, -260], [-2, -2, -260], [18, -2, -260], [-2, -22, -240], [18, -22, -240], [-2, -2, -240], [18, -2, -240]]
[[39, -27, -482], [59, -27, -482], [39, -7, -482], [59, -7, -482], [39, -27, -462], [59, -27, -462], [39, -7, -462], [59, -7, -462]]
[[-2, -22, -260], [18, -22, -260], [-2, -2, -260], [18, -2, -260], [-2, -22, -240], [18, -22, -240], [-2, -2, -240], [18, -2, -240]]
[[63, -27, -356], [83, -27, -356], [63, -7, -356], [83, -7, -356], [63, -27, -336], [83, -27, -336], [63, -7, -336], [83, -7, -336]]
[[36, -26, -433], [56, -26, -433], [36, -6, -433], [56, -6, -433], [36, -26, -413], [56, -26, -413], [36, -6, -413], [56, -6, -413]]
[[61, -26, -317], [81, -26, -317], [61, -6, -317], [81, -6, -317], [61, -26, -297], [81, -26, -297], [61, -6, -297], [81, -6, -297]]
[[-2, -22, -260], [18, -22, -260], [-2, -2, -260], [18, -2, -260], [-2, -22, -240], [18, -22, -240], [-2, -2, -240], [18, -2, -240]]
[[35, -26, -395], [55, -26, -395], [35, -6, -395], [55, -6, -395], [35, -26, -375], [55, -26, -375], [35, -6, -375], [55, -6, -375]]
[[59, -26, -282], [79, -26, -282], [59, -6, -282], [79, -6, -282], [59, -26, -262], [79, -26, -262], [59, -6, -262], [79, -6, -262]]
[[-2, -22, -260], [18, -22, -260], [-2, -2, -260], [18, -2, -260], [-2, -22, -240], [18, -22, -240], [-2, -2, -240], [18, -2, -240]]
[[58, -27, -248], [78, -27, -248], [58, -7, -248], [78, -7, -248], [58, -27, -228], [78, -27, -228], [58, -7, -228], [78, -7, -228]]
[[-2, -22, -260], [18, -22, -260], [-2, -2, -260], [18, -2, -260], [-2, -22, -240], [18, -22, -240], [-2, -2, -240], [18, -2, -240]]
[[34, -28, -360], [54, -28, -360], [34, -8, -360], [54, -8, -360], [34, -28, -340], [54, -28, -340], [34, -8, -340], [54, -8, -340]]
[[57, -27, -218], [77, -27, -218], [57, -7, -218], [77, -7, -218], [57, -27, -198], [77, -27, -198], [57, -7, -198], [77, -7, -198]]
[[-2, -22, -261], [18, -22, -261], [-2, -2, -261], [18, -2, -261], [-2, -22, -241], [18, -22, -241], [-2, -2, -241], [18, -2, -241]]
[[33, -28, -327], [53, -28, -327], [33, -8, -327], [53, -8, -327], [33, -28, -307], [53, -28, -307], [33, -8, -307], [53, -8, -307]]
[[57, -27, -190], [77, -27, -190], [57, -7, -190], [77, -7, -190], [57, -27, -170], [77, -27, -170], [57, -7, -170], [77, -7, -170]]
[[33, -28, -300], [53, -28, -300], [33, -8, -300], [53, -8, -300], [33, -28, -280], [53, -28, -280], [33, -8, -280], [53, -8, -280]]
[[-2, -22, -261], [18, -22, -261], [-2, -2, -261], [18, -2, -261], [-2, -22, -241], [18, -22, -241], [-2, -2, -241], [18, -2, -241]]
[[32, -27, -268], [52, -27, -268], [32, -7, -268], [52, -7, -268], [32, -27, -248], [52, -27, -248], [32, -7, -248], [52, -7, -248]]
[[56, -26, -160], [76, -26, -160], [56, -6, -160], [76, -6, -160], [56, -26, -140], [76, -26, -140], [56, -6, -140], [76, -6, -140]]
[[-2, -23, -261], [18, -23, -261], [-2, -3, -261], [18, -3, -261], [-2, -23, -241], [18, -23, -241], [-2, -3, -241], [18, -3, -241]]
[[32, -27, -239], [52, -27, -239], [32, -7, -239], [52, -7, -239], [32, -27, -219], [52, -27, -219], [32, -7, -219], [52, -7, -219]]
[[-2, -23, -262], [18, -23, -262], [-2, -3, -262], [18, -3, -262], [-2, -23, -242], [18, -23, -242], [-2, -3, -242], [18, -3, -242]]
[[-2089, 431, 3593], [-2069, 431, 3593], [-2089, 451, 3593], [-2069, 451, 3593], [-2089, 431, 3613], [-2069, 431, 3613], [-2089, 451, 3613], [-2069, 451, 3613]]
[[30, -25, -202], [50, -25, -202], [30, -5, -202], [50, -5, -202], [30, -25, -182], [50, -25, -182], [30, -5, -182], [50, -5, -182]]
[[-2, -23, -262], [18, -23, -262], [-2, -3, -262], [18, -3, -262], [-2, -23, -242], [18, -23, -242], [-2, -3, -242], [18, -3, -242]]
[[46, -25, -136], [66, -25, -136], [46, -5, -136], [66, -5, -136], [46, -25, -116], [66, -25, -116], [46, -5, -116], [66, -5, -116]]
[[-2, -23, -262], [18, -23, -262], [-2, -3, -262], [18, -3, -262], [-2, -23, -242], [18, -23, -242], [-2, -3, -242], [18, -3, -242]]
[[-2910, 612, 3593], [-2890, 612, 3593], [-2910, 632, 3593], [-2890, 632, 3593], [-2910, 612, 3613], [-2890, 612, 3613], [-2910, 632, 3613], [-2890, 632, 3613]]
[[40, -24, -109], [60, -24, -109], [40, -4, -109], [60, -4, -109], [40, -24, -89], [60, -24, -89], [40, -4, -89], [60, -4, -89]]
[[-3, -23, -264], [17, -23, -264], [-3, -3, -264], [17, -3, -264], [-3, -23, -244], [17, -23, -244], [-3, -3, -244], [17, -3, -244]]
[[-1860, 554, 3593], [-1840, 554, 3593], [-1860, 574, 3593], [-1840, 574, 3593], [-1860, 554, 3613], [-1840, 554, 3613], [-1860, 574, 3613], [-1840, 574, 3613]]
[[-3, -23, -264], [17, -23, -264], [-3, -3, -264], [17, -3, -264], [-3, -23, -244], [17, -23, -244], [-3, -3, -244], [17, -3, -244]]
[[-3, -23, -265], [17, -23, -265], [-3, -3, -265], [17, -3, -265], [-3, -23, -245], [17, -23, -245], [-3, -3, -245], [17, -3, -245]]
[[-3064, 703, 3593], [-3044, 703, 3593], [-3064, 723, 3593], [-3044, 723, 3593], [-3064, 703, 3613], [-3044, 703, 3613], [-3064, 723, 3613], [-3044, 723, 3613]]
[[-3, -23, -266], [17, -23, -266], [-3, -3, -266], [17, -3, -266], [-3, -23, -246], [17, -23, -246], [-3, -3, -246], [17, -3, -246]]
[[-3, -23, -265], [17, -23, -265], [-3, -3, -265], [17, -3, -265], [-3, -23, -245], [17, -23, -245], [-3, -3, -245], [17, -3, -245]]
[[-3, -23, -266], [17, -23, -266], [-3, -3, -266], [17, -3, -266], [-3, -23, -246], [17, -23, -246], [-3, -3, -246], [17, -3, -246]]
[[-3, -23, -265], [17, -23, -265], [-3, -3, -265], [17, -3, -265], [-3, -23, -245], [17, -23, -245], [-3, -3, -245], [17, -3, -245]]
[[-3, -23, -265], [17, -23, -265], [-3, -3, -265], [17, -3, -265], [-3, -23, -245], [17, -23, -245], [-3, -3, -245], [17, -3, -245]]
[[-279, 81, 3593], [-259, 81, 3593], [-279, 101, 3593], [-259, 101, 3593], [-279, 81, 3613], [-259, 81, 3613], [-279, 101, 3613], [-259, 101, 3613]]
[[-3, -23, -265], [17, -23, -265], [-3, -3, -265], [17, -3, -265], [-3, -23, -245], [17, -23, -245], [-3, -3, -245], [17, -3, -245]]
[[-3, -23, -264], [17, -23, -264], [-3, -3, -264], [17, -3, -264], [-3, -23, -244], [17, -23, -244], [-3, -3, -244], [17, -3, -244]]
[[-3, -23, -263], [17, -23, -263], [-3, -3, -263], [17, -3, -263], [-3, -23, -243], [17, -23, -243], [-3, -3, -243], [17, -3, -243]]
[[-3, -23, -263], [17, -23, -263], [-3, -3, -263], [17, -3, -263], [-3, -23, -243], [17, -23, -243], [-3, -3, -243], [17, -3, -243]]
[[85, -44, -1290], [105, -44, -1290], [85, -24, -1290], [105, -24, -1290], [85, -44, -1270], [105, -44, -1270], [85, -24, -1270], [105, -24, -1270]]
[[-3, -23, -262], [17, -23, -262], [-3, -3, -262], [17, -3, -262], [-3, -23, -242], [17, -23, -242], [-3, -3, -242], [17, -3, -242]]
[[-3, -23, -262], [17, -23, -262], [-3, -3, -262], [17, -3, -262], [-3, -23, -242], [17, -23, -242], [-3, -3, -242], [17, -3, -242]]
[[-3, -22, -261], [17, -22, -261], [-3, -2, -261], [17, -2, -261], [-3, -22, -241], [17, -22, -241], [-3, -2, -241], [17, -2, -241]]
