[[-17, -21, -211], [3, -21, -211], [-17, -1, -211], [3, -1, -211], [-17, -21, -191], [3, -21, -191], [-17, -1, -191], [3, -1, -191]]
[[91, -27, -432], [111, -27, -432], [91, -7, -432], [111, -7, -432], [91, -27, -412], [111, -27, -412], [91, -7, -412], [111, -7, -412]]
[[134, -28, -432], [154, -28, -432], [134, -8, -432], [154, -8, -432], [134, -28, -412], [154, -28, -412], [134, -8, -412], [154, -8, -412]]
[[-15, -21, -211], [5, -21, -211], [-15, -1, -211], [5, -1, -211], [-15, -21, -191], [5, -21, -191], [-15, -1, -191], [5, -1, -191]]
[[133, -27, -413], [153, -27, -413], [133, -7, -413], [153, -7, -413], [133, -27, -393], [153, -27, -393], [133, -7, -393], [153, -7, -393]]
[[89, -25, -403], [109, -25, -403], [89, -5, -403], [109, -5, -403], [89, -25, -383], [109, -25, -383], [89, -5, -383], [109, -5, -383]]
[[-14, -21, -211], [6, -21, -211], [-14, -1, -211], [6, -1, -211], [-14, -21, -191], [6, -21, -191], [-14, -1, -191], [6, -1, -191]]
[[129, -27, -390], [149, -27, -390], [129, -7, -390], [149, -7, -390], [129, -27, -370], [149, -27, -370], [129, -7, -370], [149, -7, -370]]
[[87, -27, -385], [107, -27, -385], [87, -7, -385], [107, -7, -385], [87, -27, -365], [107, -27, -365], [87, -7, -365], [107, -7, -365]]
[[-13, -22, -212], [7, -22, -212], [-13, -2, -212], [7, -2, -212], [-13, -22, -192], [7, -22, -192], [-13, -2, -192], [7, -2, -192]]
[[124, -27, -363], [144, -27, -363], [124, -7, -363], [144, -7, -363], [124, -27, -343], [144, -27, -343], [124, -7, -343], [144, -7, -343]]
[[83, -27, -355], [103, -27, -355], [83, -7, -355], [103, -7, -355], [83, -27, -335], [103, -27, -335], [83, -7, -335], [103, -7, -335]]
[[-13, -22, -212], [7, -22, -212], [-13, -2, -212], [7, -2, -212], [-13, -22, -192], [7, -22, -192], [-13, -2, -192], [7, -2, -192]]
[[116, -26, -330], [136, -26, -330], [116, -6, -330], [136, -6, -330], [116, -26, -310], [136, -26, -310], [116, -6, -310], [136, -6, -310]]
[[79, -26, -322], [99, -26, -322], [79, -6, -322], [99, -6, -322], [79, -26, -302], [99, -26, -302], [79, -6, -302], [99, -6, -302]]
[[-12, -22, -212], [8, -22, -212], [-12, -2, -212], [8, -2, -212], [-12, -22, -192], [8, -22, -192], [-12, -2, -192], [8, -2, -192]]
[[78, -25, -295], [98, -25, -295], [78, -5, -295], [98, -5, -295], [78, -25, -275], [98, -25, -275], [78, -5, -275], [98, -5, -275]]
[[116, -26, -311], [136, -26, -311], [116, -6, -311], [136, -6, -311], [116, -26, -291], [136, -26, -291], [116, -6, -291], [136, -6, -291]]
[[75, -24, -267], [95, -24, -267], [75, -4, -267], [95, -4, -267], [75, -24, -247], [95, -24, -247], [75, -4, -247], [95, -4, -247]]
[[-12, -22, -212], [8, -22, -212], [-12, -2, -212], [8, -2, -212], [-12, -22, -192], [8, -22, -192], [-12, -2, -192], [8, -2, -192]]
[[121, -26, -304], [141, -26, -304], [121, -6, -304], [141, -6, -304], [121, -26, -284], [141, -26, -284], [121, -6, -284], [141, -6, -284]]
[[71, -24, -238], [91, -24, -238], [71, -4, -238], [91, -4, -238], [71, -24, -218], [91, -24, -218], [71, -4, -218], [91, -4, -218]]
[[112, -25, -269], [132, -25, -269], [112, -5, -269], [132, -5, -269], [112, -25, -249], [132, -25, -249], [112, -5, -249], [132, -5, -249]]
[[-10, -22, -214], [10, -22, -214], [-10, -2, -214], [10, -2, -214], [-10, -22, -194], [10, -22, -194], [-10, -2, -194], [10, -2, -194]]
[[111, -25, -248], [131, -25, -248], [111, -5, -248], [131, -5, -248], [111, -25, -228], [131, -25, -228], [111, -5, -228], [131, -5, -228]]
[[71, -24, -210], [91, -24, -210], [71, -4, -210], [91, -4, -210], [71, -24, -190], [91, -24, -190], [71, -4, -190], [91, -4, -190]]
[[-10, -23, -218], [10, -23, -218], [-10, -3, -218], [10, -3, -218], [-10, -23, -198], [10, -23, -198], [-10, -3, -198], [10, -3, -198]]
[[68, -23, -182], [88, -23, -182], [68, -3, -182], [88, -3, -182], [68, -23, -162], [88, -23, -162], [68, -3, -162], [88, -3, -162]]
[[-10, -23, -216], [10, -23, -216], [-10, -3, -216], [10, -3, -216], [-10, -23, -196], [10, -23, -196], [-10, -3, -196], [10, -3, -196]]
[[112, -24, -227], [132, -24, -227], [112, -4, -227], [132, -4, -227], [112, -24, -207], [132, -24, -207], [112, -4, -207], [132, -4, -207]]
[[65, -22, -154], [85, -22, -154], [65, -2, -154], [85, -2, -154], [65, -22, -134], [85, -22, -134], [65, -2, -134], [85, -2, -134]]
[[-10, -22, -220], [10, -22, -220], [-10, -2, -220], [10, -2, -220], [-10, -22, -200], [10, -22, -200], [-10, -2, -200], [10, -2, -200]]
[[-2665, 410, 3593], [-2645, 410, 3593], [-2665, 430, 3593], [-2645, 430, 3593], [-2665, 410, 3613], [-2645, 410, 3613], [-2665, 430, 3613], [-2645, 430, 3613]]
[[-9, -22, -214], [11, -22, -214], [-9, -2, -214], [11, -2, -214], [-9, -22, -194], [11, -22, -194], [-9, -2, -194], [11, -2, -194]]
[[-9, -22, -220], [11, -22, -220], [-9, -2, -220], [11, -2, -220], [-9, -22, -200], [11, -22, -200], [-9, -2, -200], [11, -2, -200]]
[[-7, -22, -220], [13, -22, -220], [-7, -2, -220], [13, -2, -220], [-7, -22, -200], [13, -22, -200], [-7, -2, -200], [13, -2, -200]]
[[-3187, 362, 3593], [-3167, 362, 3593], [-3187, 382, 3593], [-3167, 382, 3593], [-3187, 362, 3613], [-3167, 362, 3613], [-3187, 382, 3613], [-3167, 382, 3613]]
[[-75, 229, 3593], [-55, 229, 3593], [-75, 249, 3593], [-55, 249, 3593], [-75, 229, 3613], [-55, 229, 3613], [-75, 249, 3613], [-55, 249, 3613]]
[[-6, -22, -221], [14, -22, -221], [-6, -2, -221], [14, -2, -221], [-6, -22, -201], [14, -22, -201], [-6, -2, -201], [14, -2, -201]]
[[-5, -21, -220], [15, -21, -220], [-5, -1, -220], [15, -1, -220], [-5, -21, -200], [15, -21, -200], [-5, -1, -200], [15, -1, -200]]
[[-5, -22, -220], [15, -22, -220], [-5, -2, -220], [15, -2, -220], [-5, -22, -200], [15, -22, -200], [-5, -2, -200], [15, -2, -200]]
[[-4, -21, -218], [16, -21, -218], [-4, -1, -218], [16, -1, -218], [-4, -21, -198], [16, -21, -198], [-4, -1, -198], [16, -1, -198]]
[[-4, -21, -215], [16, -21, -215], [-4, -1, -215], [16, -1, -215], [-4, -21, -195], [16, -21, -195], [-4, -1, -195], [16, -1, -195]]
[[-3, -21, -220], [17, -21, -220], [-3, -1, -220], [17, -1, -220], [-3, -21, -200], [17, -21, -200], [-3, -1, -200], [17, -1, -200]]
[[-3, -22, -221], [17, -22, -221], [-3, -2, -221], [17, -2, -221], [-3, -22, -201], [17, -22, -201], [-3, -2, -201], [17, -2, -201]]
[[-3, -22, -229], [17, -22, -229], [-3, -2, -229], [17, -2, -229], [-3, -22, -209], [17, -22, -209], [-3, -2, -209], [17, -2, -209]]
[[-3, -22, -218], [17, -22, -218], [-3, -2, -218], [17, -2, -218], [-3, -22, -198], [17, -22, -198], [-3, -2, -198], [17, -2, -198]]
[[-3, -22, -225], [17, -22, -225], [-3, -2, -225], [17, -2, -225], [-3, -22, -205], [17, -22, -205], [-3, -2, -205], [17, -2, -205]]
[[-2, -24, -265], [18, -24, -265], [-2, -4, -265], [18, -4, -265], [-2, -24, -245], [18, -24, -245], [-2, -4, -245], [18, -4, -245]]
[[-3, -22, -229], [17, -22, -229], [-3, -2, -229], [17, -2, -229], [-3, -22, -209], [17, -22, -209], [-3, -2, -209], [17, -2, -209]]
[[-4, -22, -223], [16, -22, -223], [-4, -2, -223], [16, -2, -223], [-4, -22, -203], [16, -22, -203], [-4, -2, -203], [16, -2, -203]]
[[-5, -21, -220], [15, -21, -220], [-5, -1, -220], [15, -1, -220], [-5, -21, -200], [15, -21, -200], [-5, -1, -200], [15, -1, -200]]
[[-5, -20, -220], [15, -20, -220], [-5, 0, -220], [15, 0, -220], [-5, -20, -200], [15, -20, -200], [-5, 0, -200], [15, 0, -200]]
[[-5, -20, -220], [15, -20, -220], [-5, 0, -220], [15, 0, -220], [-5, -20, -200], [15, -20, -200], [-5, 0, -200], [15, 0, -200]]
[[-5, -21, -226], [15, -21, -226], [-5, -1, -226], [15, -1, -226], [-5, -21, -206], [15, -21, -206], [-5, -1, -206], [15, -1, -206]]
[[-6, -21, -221], [14, -21, -221], [-6, -1, -221], [14, -1, -221], [-6, -21, -201], [14, -21, -201], [-6, -1, -201], [14, -1, -201]]
[[-6, -22, -234], [14, -22, -234], [-6, -2, -234], [14, -2, -234], [-6, -22, -214], [14, -22, -214], [-6, -2, -214], [14, -2, -214]]
[[-6, -22, -220], [14, -22, -220], [-6, -2, -220], [14, -2, -220], [-6, -22, -200], [14, -22, -200], [-6, -2, -200], [14, -2, -200]]
[[-7, -22, -228], [13, -22, -228], [-7, -2, -228], [13, -2, -228], [-7, -22, -208], [13, -22, -208], [-7, -2, -208], [13, -2, -208]]
[[-7, -21, -221], [13, -21, -221], [-7, -1, -221], [13, -1, -221], [-7, -21, -201], [13, -21, -201], [-7, -1, -201], [13, -1, -201]]
[[-7, -22, -229], [13, -22, -229], [-7, -2, -229], [13, -2, -229], [-7, -22, -209], [13, -22, -209], [-7, -2, -209], [13, -2, -209]]
[[-7, -22, -230], [13, -22, -230], [-7, -2, -230], [13, -2, -230], [-7, -22, -210], [13, -22, -210], [-7, -2, -210], [13, -2, -210]]
[[-7, -22, -234], [13, -22, -234], [-7, -2, -234], [13, -2, -234], [-7, -22, -214], [13, -22, -214], [-7, -2, -214], [13, -2, -214]]
[[-7, -22, -230], [13, -22, -230], [-7, -2, -230], [13, -2, -230], [-7, -22, -210], [13, -22, -210], [-7, -2, -210], [13, -2, -210]]
[[-7, -22, -232], [13, -22, -232], [-7, -2, -232], [13, -2, -232], [-7, -22, -212], [13, -22, -212], [-7, -2, -212], [13, -2, -212]]
[[-59, 213, 3593], [-39, 213, 3593], [-59, 233, 3593], [-39, 233, 3593], [-59, 213, 3613], [-39, 213, 3613], [-59, 233, 3613], [-39, 233, 3613]]
[[-8, -21, -223], [12, -21, -223], [-8, -1, -223], [12, -1, -223], [-8, -21, -203], [12, -21, -203], [-8, -1, -203], [12, -1, -203]]
[[-7, -23, -240], [13, -23, -240], [-7, -3, -240], [13, -3, -240], [-7, -23, -220], [13, -23, -220], [-7, -3, -220], [13, -3, -220]]
[[-75, 218, 3593], [-55, 218, 3593], [-75, 238, 3593], [-55, 238, 3593], [-75, 218, 3613], [-55, 218, 3613], [-75, 238, 3613], [-55, 238, 3613]]
[[-7, -23, -245], [13, -23, -245], [-7, -3, -245], [13, -3, -245], [-7, -23, -225], [13, -23, -225], [-7, -3, -225], [13, -3, -225]]
[[-7, -23, -242], [13, -23, -242], [-7, -3, -242], [13, -3, -242], [-7, -23, -222], [13, -23, -222], [-7, -3, -222], [13, -3, -222]]
[[-7, -23, -243], [13, -23, -243], [-7, -3, -243], [13, -3, -243], [-7, -23, -223], [13, -23, -223], [-7, -3, -223], [13, -3, -223]]
[[-7, -23, -243], [13, -23, -243], [-7, -3, -243], [13, -3, -243], [-7, -23, -223], [13, -23, -223], [-7, -3, -223], [13, -3, -223]]
[[-6, -23, -243], [14, -23, -243], [-6, -3, -243], [14, -3, -243], [-6, -23, -223], [14, -23, -223], [-6, -3, -223], [14, -3, -223]]
[[-6, -23, -243], [14, -23, -243], [-6, -3, -243], [14, -3, -243], [-6, -23, -223], [14, -23, -223], [-6, -3, -223], [14, -3, -223]]
[[-6, -23, -243], [14, -23, -243], [-6, -3, -243], [14, -3, -243], [-6, -23, -223], [14, -23, -223], [-6, -3, -223], [14, -3, -223]]
[[-6, -23, -243], [14, -23, -243], [-6, -3, -243], [14, -3, -243], [-6, -23, -223], [14, -23, -223], [-6, -3, -223], [14, -3, -223]]
[[-6, -23, -243], [14, -23, -243], [-6, -3, -243], [14, -3, -243], [-6, -23, -223], [14, -23, -223], [-6, -3, -223], [14, -3, -223]]
[[-5, -23, -243], [15, -23, -243], [-5, -3, -243], [15, -3, -243], [-5, -23, -223], [15, -23, -223], [-5, -3, -223], [15, -3, -223]]
[[-5, -22, -242], [15, -22, -242], [-5, -2, -242], [15, -2, -242], [-5, -22, -222], [15, -22, -222], [-5, -2, -222], [15, -2, -222]]
[[-5, -21, -243], [15, -21, -243], [-5, -1, -243], [15, -1, -243], [-5, -21, -223], [15, -21, -223], [-5, -1, -223], [15, -1, -223]]
[[-4, -23, -252], [16, -23, -252], [-4, -3, -252], [16, -3, -252], [-4, -23, -232], [16, -23, -232], [-4, -3, -232], [16, -3, -232]]
[[-4, -23, -244], [16, -23, -244], [-4, -3, -244], [16, -3, -244], [-4, -23, -224], [16, -23, -224], [-4, -3, -224], [16, -3, -224]]
[[-3, -24, -244], [17, -24, -244], [-3, -4, -244], [17, -4, -244], [-3, -24, -224], [17, -24, -224], [-3, -4, -224], [17, -4, -224]]
[[-3, -24, -254], [17, -24, -254], [-3, -4, -254], [17, -4, -254], [-3, -24, -234], [17, -24, -234], [-3, -4, -234], [17, -4, -234]]
[[-2, -21, -256], [18, -21, -256], [-2, -1, -256], [18, -1, -256], [-2, -21, -236], [18, -21, -236], [-2, -1, -236], [18, -1, -236]]
[[-2, -20, -254], [18, -20, -254], [-2, 0, -254], [18, 0, -254], [-2, -20, -234], [18, -20, -234], [-2, 0, -234], [18, 0, -234]]
[[-278, 47, 3593], [-258, 47, 3593], [-278, 67, 3593], [-258, 67, 3593], [-278, 47, 3613], [-258, 47, 3613], [-278, 67, 3613], [-258, 67, 3613]]
[[-2, -21, -256], [18, -21, -256], [-2, -1, -256], [18, -1, -256], [-2, -21, -236], [18, -21, -236], [-2, -1, -236], [18, -1, -236]]
[[-289, 63, 3593], [-269, 63, 3593], [-289, 83, 3593], [-269, 83, 3593], [-289, 63, 3613], [-269, 63, 3613], [-289, 83, 3613], [-269, 83, 3613]]
[[-2, -22, -256], [18, -22, -256], [-2, -2, -256], [18, -2, -256], [-2, -22, -236], [18, -22, -236], [-2, -2, -236], [18, -2, -236]]
[[-2, -24, -255], [18, -24, -255], [-2, -4, -255], [18, -4, -255], [-2, -24, -235], [18, -24, -235], [-2, -4, -235], [18, -4, -235]]
[[-2, -23, -255], [18, -23, -255], [-2, -3, -255], [18, -3, -255], [-2, -23, -235], [18, -23, -235], [-2, -3, -235], [18, -3, -235]]
[[75, -33, -633], [95, -33, -633], [75, -13, -633], [95, -13, -633], [75, -33, -613], [95, -33, -613], [75, -13, -613], [95, -13, -613]]
[[-2, -22, -256], [18, -22, -256], [-2, -2, -256], [18, -2, -256], [-2, -22, -236], [18, -22, -236], [-2, -2, -236], [18, -2, -236]]
[[-2, -22, -255], [18, -22, -255], [-2, -2, -255], [18, -2, -255], [-2, -22, -235], [18, -22, -235], [-2, -2, -235], [18, -2, -235]]
[[-2, -21, -256], [18, -21, -256], [-2, -1, -256], [18, -1, -256], [-2, -21, -236], [18, -21, -236], [-2, -1, -236], [18, -1, -236]]
[[-294, 85, 3593], [-274, 85, 3593], [-294, 105, 3593], [-274, 105, 3593], [-294, 85, 3613], [-274, 85, 3613], [-294, 105, 3613], [-274, 105, 3613]]
[[-2, -21, -257], [18, -21, -257], [-2, -1, -257], [18, -1, -257], [-2, -21, -237], [18, -21, -237], [-2, -1, -237], [18, -1, -237]]
[[75, -28, -542], [95, -28, -542], [75, -8, -542], [95, -8, -542], [75, -28, -522], [95, -28, -522], [75, -8, -522], [95, -8, -522]]
[[68, -28, -482], [88, -28, -482], [68, -8, -482], [88, -8, -482], [68, -28, -462], [88, -28, -462], [68, -8, -462], [88, -8, -462]]
[[-2, -22, -256], [18, -22, -256], [-2, -2, -256], [18, -2, -256], [-2, -22, -236], [18, -22, -236], [-2, -2, -236], [18, -2, -236]]
[[68, -28, -447], [88, -28, -447], [68, -8, -447], [88, -8, -447], [68, -28, -427], [88, -28, -427], [68, -8, -427], [88, -8, -427]]
[[-2, -22, -256], [18, -22, -256], [-2, -2, -256], [18, -2, -256], [-2, -22, -236], [18, -22, -236], [-2, -2, -236], [18, -2, -236]]
[[65, -27, -413], [85, -27, -413], [65, -7, -413], [85, -7, -413], [65, -27, -393], [85, -27, -393], [65, -7, -393], [85, -7, -393]]
[[41, -28, -547], [61, -28, -547], [41, -8, -547], [61, -8, -547], [41, -28, -527], [61, -28, -527], [41, -8, -527], [61, -8, -527]]
[[-2, -21, -257], [18, -21, -257], [-2, -1, -257], [18, -1, -257], [-2, -21, -237], [18, -21, -237], [-2, -1, -237], [18, -1, -237]]
[[41, -28, -525], [61, -28, -525], [41, -8, -525], [61, -8, -525], [41, -28, -505], [61, -28, -505], [41, -8, -505], [61, -8, -505]]
[[-2, -21, -258], [18, -21, -258], [-2, -1, -258], [18, -1, -258], [-2, -21, -238], [18, -21, -238], [-2, -1, -238], [18, -1, -238]]
[[39, -27, -479], [59, -27, -479], [39, -7, -479], [59, -7, -479], [39, -27, -459], [59, -27, -459], [39, -7, -459], [59, -7, -459]]
[[-2, -21, -257], [18, -21, -257], [-2, -1, -257], [18, -1, -257], [-2, -21, -237], [18, -21, -237], [-2, -1, -237], [18, -1, -237]]
[[63, -28, -355], [83, -28, -355], [63, -8, -355], [83, -8, -355], [63, -28, -335], [83, -28, -335], [63, -8, -335], [83, -8, -335]]
[[36, -26, -429], [56, -26, -429], [36, -6, -429], [56, -6, -429], [36, -26, -409], [56, -26, -409], [36, -6, -409], [56, -6, -409]]
[[62, -26, -325], [82, -26, -325], [62, -6, -325], [82, -6, -325], [62, -26, -305], [82, -26, -305], [62, -6, -305], [82, -6, -305]]
[[-2, -21, -256], [18, -21, -256], [-2, -1, -256], [18, -1, -256], [-2, -21, -236], [18, -21, -236], [-2, -1, -236], [18, -1, -236]]
[[35, -27, -399], [55, -27, -399], [35, -7, -399], [55, -7, -399], [35, -27, -379], [55, -27, -379], [35, -7, -379], [55, -7, -379]]
[[60, -27, -293], [80, -27, -293], [60, -7, -293], [80, -7, -293], [60, -27, -273], [80, -27, -273], [60, -7, -273], [80, -7, -273]]
[[-3, -22, -256], [17, -22, -256], [-3, -2, -256], [17, -2, -256], [-3, -22, -236], [17, -22, -236], [-3, -2, -236], [17, -2, -236]]
[[59, -28, -261], [79, -28, -261], [59, -8, -261], [79, -8, -261], [59, -28, -241], [79, -28, -241], [59, -8, -241], [79, -8, -241]]
[[-3, -24, -257], [17, -24, -257], [-3, -4, -257], [17, -4, -257], [-3, -24, -237], [17, -24, -237], [-3, -4, -237], [17, -4, -237]]
[[34, -29, -365], [54, -29, -365], [34, -9, -365], [54, -9, -365], [34, -29, -345], [54, -29, -345], [34, -9, -345], [54, -9, -345]]
[[59, -28, -237], [79, -28, -237], [59, -8, -237], [79, -8, -237], [59, -28, -217], [79, -28, -217], [59, -8, -217], [79, -8, -217]]
[[-3, -24, -260], [17, -24, -260], [-3, -4, -260], [17, -4, -260], [-3, -24, -240], [17, -24, -240], [-3, -4, -240], [17, -4, -240]]
[[34, -29, -333], [54, -29, -333], [34, -9, -333], [54, -9, -333], [34, -29, -313], [54, -29, -313], [34, -9, -313], [54, -9, -313]]
[[60, -27, -211], [80, -27, -211], [60, -7, -211], [80, -7, -211], [60, -27, -191], [80, -27, -191], [60, -7, -191], [80, -7, -191]]
[[34, -27, -312], [54, -27, -312], [34, -7, -312], [54, -7, -312], [34, -27, -292], [54, -27, -292], [34, -7, -292], [54, -7, -292]]
[[-3, -24, -258], [17, -24, -258], [-3, -4, -258], [17, -4, -258], [-3, -24, -238], [17, -24, -238], [-3, -4, -238], [17, -4, -238]]
[[33, -26, -273], [53, -26, -273], [33, -6, -273], [53, -6, -273], [33, -26, -253], [53, -26, -253], [33, -6, -253], [53, -6, -253]]
[[57, -25, -176], [77, -25, -176], [57, -5, -176], [77, -5, -176], [57, -25, -156], [77, -25, -156], [57, -5, -156], [77, -5, -156]]
[[-3, -24, -260], [17, -24, -260], [-3, -4, -260], [17, -4, -260], [-3, -24, -240], [17, -24, -240], [-3, -4, -240], [17, -4, -240]]
[[34, -26, -250], [54, -26, -250], [34, -6, -250], [54, -6, -250], [34, -26, -230], [54, -26, -230], [34, -6, -230], [54, -6, -230]]
[[-3, -24, -266], [17, -24, -266], [-3, -4, -266], [17, -4, -266], [-3, -24, -246], [17, -24, -246], [-3, -4, -246], [17, -4, -246]]
[[-2089, 431, 3593], [-2069, 431, 3593], [-2089, 451, 3593], [-2069, 451, 3593], [-2089, 431, 3613], [-2069, 431, 3613], [-2089, 451, 3613], [-2069, 451, 3613]]
[[29, -23, -196], [49, -23, -196], [29, -3, -196], [49, -3, -196], [29, -23, -176], [49, -23, -176], [29, -3, -176], [49, -3, -176]]
[[-4, -23, -260], [16, -23, -260], [-4, -3, -260], [16, -3, -260], [-4, -23, -240], [16, -23, -240], [-4, -3, -240], [16, -3, -240]]
[[28, -22, -165], [48, -22, -165], [28, -2, -165], [48, -2, -165], [28, -22, -145], [48, -22, -145], [28, -2, -145], [48, -2, -145]]
[[-4, -22, -260], [16, -22, -260], [-4, -2, -260], [16, -2, -260], [-4, -22, -240], [16, -22, -240], [-4, -2, -240], [16, -2, -240]]
[[-2910, 612, 3593], [-2890, 612, 3593], [-2910, 632, 3593], [-2890, 632, 3593], [-2910, 612, 3613], [-2890, 612, 3613], [-2910, 632, 3613], [-2890, 632, 3613]]
[[29, -21, -132], [49, -21, -132], [29, -1, -132], [49, -1, -132], [29, -21, -112], [49, -21, -112], [29, -1, -112], [49, -1, -112]]
[[-3, -23, -270], [17, -23, -270], [-3, -3, -270], [17, -3, -270], [-3, -23, -250], [17, -23, -250], [-3, -3, -250], [17, -3, -250]]
[[-1860, 554, 3593], [-1840, 554, 3593], [-1860, 574, 3593], [-1840, 574, 3593], [-1860, 554, 3613], [-1840, 554, 3613], [-1860, 574, 3613], [-1840, 574, 3613]]
[[-4, -22, -260], [16, -22, -260], [-4, -2, -260], [16, -2, -260], [-4, -22, -240], [16, -22, -240], [-4, -2, -240], [16, -2, -240]]
[[-3, -23, -268], [17, -23, -268], [-3, -3, -268], [17, -3, -268], [-3, -23, -248], [17, -23, -248], [-3, -3, -248], [17, -3, -248]]
[[-3064, 703, 3593], [-3044, 703, 3593], [-3064, 723, 3593], [-3044, 723, 3593], [-3064, 703, 3613], [-3044, 703, 3613], [-3064, 723, 3613], [-3044, 723, 3613]]
[[-3, -23, -267], [17, -23, -267], [-3, -3, -267], [17, -3, -267], [-3, -23, -247], [17, -23, -247], [-3, -3, -247], [17, -3, -247]]
[[-4, -23, -260], [16, -23, -260], [-4, -3, -260], [16, -3, -260], [-4, -23, -240], [16, -23, -240], [-4, -3, -240], [16, -3, -240]]
[[-3, -23, -264], [17, -23, -264], [-3, -3, -264], [17, -3, -264], [-3, -23, -244], [17, -23, -244], [-3, -3, -244], [17, -3, -244]]
[[-3, -22, -256], [17, -22, -256], [-3, -2, -256], [17, -2, -256], [-3, -22, -236], [17, -22, -236], [-3, -2, -236], [17, -2, -236]]
[[-3, -22, -266], [17, -22, -266], [-3, -2, -266], [17, -2, -266], [-3, -22, -246], [17, -22, -246], [-3, -2, -246], [17, -2, -246]]
[[-273, 74, 3593], [-253, 74, 3593], [-273, 94, 3593], [-253, 94, 3593], [-273, 74, 3613], [-253, 74, 3613], [-273, 94, 3613], [-253, 94, 3613]]
[[-3, -22, -259], [17, -22, -259], [-3, -2, -259], [17, -2, -259], [-3, -22, -239], [17, -22, -239], [-3, -2, -239], [17, -2, -239]]
[[-3, -22, -258], [17, -22, -258], [-3, -2, -258], [17, -2, -258], [-3, -22, -238], [17, -22, -238], [-3, -2, -238], [17, -2, -238]]
[[-3, -22, -257], [17, -22, -257], [-3, -2, -257], [17, -2, -257], [-3, -22, -237], [17, -22, -237], [-3, -2, -237], [17, -2, -237]]
[[-2, -24, -258], [18, -24, -258], [-2, -4, -258], [18, -4, -258], [-2, -24, -238], [18, -24, -238], [-2, -4, -238], [18, -4, -238]]
[[85, -44, -1290], [105, -44, -1290], [85, -24, -1290], [105, -24, -1290], [85, -44, -1270], [105, -44, -1270], [85, -24, -1270], [105, -24, -1270]]
[[-2, -22, -257], [18, -22, -257], [-2, -2, -257], [18, -2, -257], [-2, -22, -237], [18, -22, -237], [-2, -2, -237], [18, -2, -237]]
[[-2, -22, -258], [18, -22, -258], [-2, -2, -258], [18, -2, -258], [-2, -22, -238], [18, -22, -238], [-2, -2, -238], [18, -2, -238]]
[[-2, -22, -258], [18, -22, -258], [-2, -2, -258], [18, -2, -258], [-2, -22, -238], [18, -22, -238], [-2, -2, -238], [18, -2, -238]]
